1000
156521362399
-0.000000 -0.000000 -0.000000 -0.000000 8999999999999999897486646837248.000000 star.gif
21837731712123.125000 -12706738450893.687500 1393176.293004 -810623.518279 600000000000.000000 star.gif
902376288.236491 163917214.970766 -86808.492070 842842.279731 300000000000.000000 star.gif
-1335723388.116261 437922938.840379 -291531.063321 -614837.103647 200000000000.000000 star.gif
2022530789.051677 469650830.150838 -69540.623179 525608.379568 150000000000.000000 star.gif
2038835950.115318 1319441568.285221 -246807.500705 441135.513380 120000000000.000000 star.gif
-425027084.430983 -3007572844.748312 433932.663945 -86799.311389 100000000000.000000 star.gif
-658635541.850658 -3383549900.393229 409396.405494 -97605.948430 85714285714.285721 star.gif
1998770752.627547 3554414184.133539 -327892.463209 192175.598833 75000000000.000000 star.gif
-972382337.827992 4457242243.830814 -352575.130028 -74112.462359 66666666666.666664 star.gif
4146578263.844115 2878237645.472581 -189062.192549 286577.937426 60000000000.000000 star.gif
-4679206752.372125 -2810151027.362734 170668.119223 -285826.462361 54545454545.454544 star.gif
4141626749.408944 -4277432230.002498 233048.573318 217545.291819 50000000000.000000 star.gif
-2940998618.215693 -5732221493.463254 272054.375891 -141400.771529 46153846153.846153 star.gif
4323446593.764323 5558771090.543296 -227339.099323 181840.207016 42857142857.142860 star.gif
-3960747701.825531 -6309110877.169317 240731.436173 -152256.424881 40000000000.000000 star.gif
2082515735.801227 -7664210440.312480 266873.862572 70136.536231 37500000000.000000 star.gif
2311621029.239059 8227030218.534641 -253879.649167 73630.979881 35294117647.058823 star.gif
-4946828682.971092 -7463841118.006169 216056.258679 -143882.341781 33333333333.333332 star.gif
9202670355.700603 -2266483289.814983 62780.165733 244035.023110 31578947368.421051 star.gif
9757728429.234159 -2087902349.049219 53677.953835 239607.786765 30000000000.000000 star.gif
-9844225548.453325 -3602961452.125140 82293.325831 -224914.372855 28571428571.428570 star.gif
-6795022523.317100 -8600356272.703917 183782.863847 -145561.046752 27272727272.727272 star.gif
6583354441.457941 9462075399.134844 -186231.505927 131438.338684 26086956521.739132 star.gif
11884940029.401741 1597899970.075687 -28157.792363 222042.262515 25000000000.000000 star.gif
3999066626.599307 11876627357.762909 -206797.338034 70827.135231 24000000000.000000 star.gif
-8049483465.095264 -10161398198.904297 168809.975611 -133946.576329 23076923076.923077 star.gif
-6105903202.234015 12077536070.502821 -187938.407859 -94486.990482 22222222222.222221 star.gif
3404162823.659490 13610558928.414675 -200243.349922 50989.309965 21428571428.571430 star.gif
-2460039925.331542 14323211993.339891 -200179.426835 -33780.417359 20689655172.413792 star.gif
-14997637606.779665 -225677400.281892 3011.934015 -200036.182997 20000000000.000000 star.gif
10703645775.352072 -11149696581.740669 142901.588707 136125.869083 19354838709.677418 star.gif
-10637565547.709356 11986115103.696154 -144800.767434 -128183.700034 18750000000.000000 star.gif
16260073513.436483 -2646664806.372540 31540.498489 188420.791763 18181818181.818180 star.gif
-6979371404.509932 -15457063956.535921 171612.490387 -77645.528467 17647058823.529411 star.gif
-17406063305.704319 1847400707.103830 -19557.014387 -184134.151534 17142857142.857143 star.gif
-12094444089.560987 13363069447.850115 -135358.295933 -122234.185081 16666666666.666666 star.gif
-8484952093.725060 16468686198.636202 -160037.801255 -82132.076384 16216216216.216217 star.gif
-11389444312.371820 15237732668.308308 -142325.825718 -106107.873015 15789473684.210526 star.gif
-18160717293.907188 7134910908.576206 -64175.123112 -163181.743655 15384615384.615385 star.gif
-17169814465.322264 -10218622380.466497 88699.833022 -149016.021031 15000000000.000000 star.gif
4193775299.470870 -20016949885.844395 167932.905426 34934.562566 14634146341.463415 star.gif
20658166760.032585 3663844771.320545 -29002.137446 166727.080931 14285714285.714285 star.gif
-8609140151.250515 19725976122.425129 -153082.694396 -66539.656317 13953488372.093023 star.gif
-13638824577.798979 -17222688851.316296 129670.545696 -102707.761715 13636363636.363636 star.gif
22432396546.441727 1377239117.299276 -9540.823175 163246.626617 13333333333.333334 star.gif
-19335055063.324554 12484378798.782837 -87650.419692 -135582.891646 13043478260.869566 star.gif
12638304083.373514 -19754180170.060062 135048.644214 86100.163935 12765957446.808510 star.gif
-7639166849.698600 22772911322.412006 -149891.118395 -50034.855533 12500000000.000000 star.gif
6033203621.709420 -23695084305.638039 152033.649694 38547.704508 12244897959.183674 star.gif
-8265127289.568476 23614434791.725254 -146218.728096 -50946.444784 12000000000.000000 star.gif
13779140458.370901 -21397496503.800846 129362.264585 83058.199498 11764705882.352942 star.gif
-21087827661.028458 15233967009.157499 -88999.958440 -123049.582922 11538461538.461538 star.gif
26280615688.518440 -3112369011.176840 18053.005410 149626.994474 11320754716.981133 star.gif
-23635680259.690735 -13017965191.679426 72000.157884 -130676.709165 11111111111.111111 star.gif
8736394878.289076 26081620102.271351 -139972.404307 47196.528090 10909090909.090910 star.gif
13922333124.536831 -24234670426.296890 127269.700431 72937.891883 10714285714.285715 star.gif
-28347434977.861343 2973231288.801431 -15147.529089 -144323.858432 10526315789.473684 star.gif
17089709753.380423 23423459546.516781 -116072.074475 85054.919324 10344827586.206896 star.gif
14039073086.621714 -25886522335.051418 125677.155353 68013.319071 10169491525.423729 star.gif
-29713678884.877739 -4105410904.360841 19373.594637 -140143.018446 10000000000.000000 star.gif
4203987499.110163 30215557008.886837 -138891.887094 19558.460514 9836065573.770493 star.gif
29148935543.461063 -10415625101.191114 47096.159983 131164.784284 9677419354.838709 star.gif
-14556065629.691755 -27895876727.124008 122527.582697 -63924.237660 9523809523.809525 star.gif
-27322397524.744339 16679859498.667467 -71393.205157 -116828.954494 9375000000.000000 star.gif
17005204084.830486 27687785939.558037 -115706.347081 71350.610639 9230769230.769230 star.gif
28950522219.453297 -15732905121.387409 64647.477909 118607.143619 9090909090.909090 star.gif
-12720590328.217356 -30950451536.075935 123955.824886 -50935.866367 8955223880.597015 star.gif
-33144151153.866299 7604858676.806489 -29731.310738 -129484.761814 8823529411.764706 star.gif
288035777.706854 34503937078.984871 -131883.295162 1283.304397 8695652173.913044 star.gif
33832679644.974522 8824430494.717863 -32879.877568 126906.146557 8571428571.428572 star.gif
18887439252.361195 -29993316377.572048 110251.321889 69334.077616 8450704225.352113 star.gif
-21994167399.290440 -28463506575.823536 102278.994995 -78999.258626 8333333333.333333 star.gif
-35250817946.810440 9490044562.574896 -33355.501245 -123808.990355 8219178082.191781 star.gif
-6360852222.139477 36455617879.564384 -125483.037120 -21742.954249 8108108108.108109 star.gif
29943673645.201370 22531700699.202045 -75966.035726 101288.781458 8000000000.000000 star.gif
34658559270.426758 -15447890214.274454 51359.154828 114913.534710 7894736842.105263 star.gif
4636740381.150509 -38168281206.605850 124124.066585 15063.398842 7792207792.207792 star.gif
-29937729447.879845 -24961213872.100876 79516.388296 -95322.468154 7692307692.307693 star.gif
-38088199360.723755 10487520605.809052 -32743.668401 -118831.597996 7594936708.860760 star.gif
-14436096441.922506 37311902936.411247 -114273.634476 -44086.524511 7500000000.000000 star.gif
20662217490.156384 34813671036.083900 -104648.785163 62313.101628 7407407407.407408 star.gif
40452733985.953659 6388027788.981751 -18743.266027 119679.080510 7317073170.731708 star.gif
31788348516.354527 -26584939265.508202 77328.064539 92344.382746 7228915662.650602 star.gif
1947675981.585189 -41904052891.494102 119568.095224 5559.038626 7142857142.857142 star.gif
-29150265464.592388 -30892567105.794384 86513.659553 -81590.533682 7058823529.411765 star.gif
-42971534924.955093 -1540409235.376261 4235.414133 -118080.851925 6976744186.046512 star.gif
-32716016504.786514 28682518109.546597 -77473.959570 -88273.115565 6896551724.137931 star.gif
-5125967769.005196 43699838644.641937 -116024.772195 -13483.028687 6818181818.181818 star.gif
25020077402.878651 36771917868.785294 -95989.639776 65498.309068 6741573033.707865 star.gif
43224947636.522949 12341979247.152872 -31613.872114 111215.254333 6666666666.666667 star.gif
41875050918.902855 -17637035235.714104 44723.803684 105968.849327 6593406593.406593 star.gif
22568315226.592419 -40012395301.247002 99646.154008 56176.197732 6521739130.434783 star.gif
-5890806717.167006 -46077636856.073563 112820.871920 -14403.161180 6451612903.225806 star.gif
-32031351885.053978 -34359569788.429176 82732.941648 -77081.553453 6382978723.404255 star.gif
-46409222668.222557 -10095383678.476593 23911.330750 -109859.188383 6315789473.684211 star.gif
-44654119763.171303 17623895445.885490 -41076.674524 -103998.771596 6250000000.000000 star.gif
-28187060403.954674 39475210754.026131 -90574.905655 -64580.219070 6185567010.309278 star.gif
-2926332578.318166 48906467715.254982 -110507.234255 -6497.407444 6122448979.591837 star.gif
23144646446.346783 43727646780.860229 -97318.561698 51658.651230 6060606060.606061 star.gif
42571561782.336159 26137185027.279179 -57275.726914 93526.482743 6000000000.000000 star.gif
50416225705.545853 1514922523.340560 -3182.328970 109113.653053 5940594059.405941 star.gif
45221626810.123810 -23430627335.912128 50029.127789 96433.850166 5882352941.176471 star.gif
28910622419.723591 -42538590164.248283 89419.288979 60752.613772 5825242718.446602 star.gif
5863481686.391761 -51611305678.231987 106872.077557 12157.419011 5769230769.230769 star.gif
-18427421812.624275 -49116132539.118835 100206.350070 -37560.363142 5714285714.285714 star.gif
-38717941472.325897 -36158774983.806892 72695.704925 -77792.639065 5660377358.490566 star.gif
-51077255230.127213 -15891264337.044020 31489.556385 -101154.487385 5607476635.514019 star.gif
-53493827473.660370 7395194152.829864 -14446.947358 -104436.061479 5555555555.555555 star.gif
-45999594388.199738 29239503403.775063 -56328.457569 -88540.012771 5504587155.963303 star.gif
-30392959592.277760 45842441244.088432 -87109.602368 -57667.361221 5454545454.545455 star.gif
-9696484340.878435 54638758253.555397 -102431.472558 -18081.731400 5405405405.405405 star.gif
12501653391.795252 54564455339.393166 -100935.537135 23237.490097 5357142857.142858 star.gif
32689866188.598553 46036533147.684250 -84035.441689 59808.310435 5309734513.274336 star.gif
47959971061.816856 30704906261.674068 -55298.687193 86563.801953 5263157894.736842 star.gif
56359710776.435318 11058317874.378513 -19612.827167 100395.359399 5217391304.347826 star.gif
57051286281.882668 -10029508840.021301 17696.439296 100315.713526 5172413793.103448 star.gif
50289170942.661720 -29736689511.483036 51656.996069 87293.111184 5128205128.205129 star.gif
37253970675.275734 -45654825760.445007 78256.370482 63845.441754 5084745762.711864 star.gif
19791834319.485561 -56040334372.568932 94814.432228 33499.106382 5042016806.722689 star.gif
111473658.020244 -59943169529.005806 100119.430109 213.865439 5000000000.000000 star.gif
-19514725249.875721 -57219895066.443703 94358.522527 -32143.389965 4958677685.950413 star.gif
-37009824080.085861 -48451649463.425842 78895.076350 -60219.390823 4918032786.885246 star.gif
-50689021563.428688 -34794907235.784912 55952.758438 -81461.119135 4878048780.487804 star.gif
-59383916565.603889 -17794713581.488800 28263.376465 -94264.011403 4838709677.419354 star.gif
-62494971707.033562 812384202.247577 -1274.642450 -97995.397551 4800000000.000000 star.gif
-59980533356.059219 19283568988.292801 -29893.493096 -92917.714496 4761904761.904762 star.gif
-52295483090.339066 36027265665.100929 -55188.729567 -80040.634730 4724409448.818897 star.gif
-40294659458.261986 49723355100.930496 -75278.975692 -60931.129502 4687500000.000000 star.gif
-25116181076.561081 59402141410.803116 -88893.203870 -37507.325461 4651162790.697675 star.gif
-8058353197.479127 64482690251.652191 -95392.582208 -11837.247588 4615384615.384615 star.gif
9538482571.069170 64774532492.252007 -94737.865286 14041.784972 4580152671.755725 star.gif
26396533793.959625 60448951147.772476 -87415.299614 38272.560239 4545454545.454545 star.gif
41385767859.507263 51987268053.648163 -74334.491155 59290.346716 4511278195.488722 star.gif
53586581600.468796 40113890212.094688 -56711.041303 75896.451616 4477611940.298508 star.gif
62329080895.325134 25721546620.075768 -35945.330412 87294.441888 4444444444.444445 star.gif
67210016037.133644 9795324574.416229 -13506.886768 93092.971412 4411764705.882353 star.gif
68089845945.534332 -6659030870.359300 9168.443946 93280.835963 4379562043.795620 star.gif
65073359863.591171 -22678406205.366467 30763.615406 88180.813041 4347826086.956522 star.gif
58477797989.963989 -37394402490.746895 50145.075818 78389.113690 4316546762.589928 star.gif
48792537260.302231 -50072699224.827370 66406.300080 64706.985286 4285714285.714286 star.gif
36634217647.275780 -60139316588.310013 78891.042028 48070.288797 4255319148.936170 star.gif
22700759568.991436 -67194319909.538399 87198.414302 29481.873218 4225352112.676056 star.gif
7727146893.707787 -71014207475.579010 91172.713901 9950.423504 4195804195.804196 star.gif
-7554801017.234790 -71544690008.720657 90881.333576 -9561.709689 4166666666.666667 star.gif
-22451105947.365116 -68885825001.220612 86584.187172 -28180.280848 4137931034.482759 star.gif
-36333814977.576721 -63271542286.923065 78697.902828 -45150.047963 4109589041.095891 star.gif
-48662297454.759254 -55045526317.430885 67757.679397 -59855.084994 4081632653.061224 star.gif
-58997711967.803078 -44635245000.454300 54379.232623 -71829.357650 4054054054.054054 star.gif
-67011050394.059380 -32525671866.684124 39222.742426 -80758.785619 4026845637.583893 star.gif
-72485416165.616608 -19233970152.343086 22960.201084 -86476.222158 4000000000.000000 star.gif
-75313353140.673370 -5286120289.671651 6247.089407 -88950.853260 3973509933.774835 star.gif
-75490122758.486969 8803804106.449442 -10301.104050 -88273.485910 3947368421.052631 star.gif
-73103845152.802048 22551258965.296249 -26127.346771 -84639.088753 3921568627.450980 star.gif
-68323389287.542206 35515518516.761353 -40746.603479 -78327.795867 3896103896.103896 star.gif
-61384831573.228050 47310581527.329544 -53754.748877 -69685.407116 3870967741.935484 star.gif
-52577213706.387924 57612794041.052299 -64833.284754 -59104.233553 3846153846.153846 star.gif
-42228228522.795334 66165400342.705566 -73750.381158 -47004.955475 3821656050.955414 star.gif
-30690355323.918701 72780314736.322144 -80358.806013 -33819.992083 3797468354.430380 star.gif
-18327859409.989742 77337459649.095337 -84591.319041 -19978.729792 3773584905.660378 star.gif
-5504968783.044234 79782044685.920410 -86454.092163 -5894.823689 3750000000.000000 star.gif
7424552837.079009 80120170708.786667 -86018.686604 8044.326164 3726708074.534162 star.gif
20126301522.741760 78413136717.567474 -83413.072288 21485.915135 3703703703.703704 star.gif
32292535117.266052 74770808838.930847 -78812.122462 34117.957694 3680981595.092024 star.gif
43647881480.951935 69344383273.960907 -72427.959293 45673.519052 3658536585.365854 star.gif
53953503515.560394 62318841384.823380 -64500.467506 55933.122512 3636363636.363636 star.gif
63009811529.043694 53905357588.598312 -55288.234904 64725.529901 3614457831.325301 star.gif
70657843604.298767 44333881368.164375 -45060.122801 71927.110459 3592814371.257485 star.gif
76779455700.507538 33846075140.796265 -34087.617035 77460.021565 3571428571.428571 star.gif
81296476235.879593 22688751269.912498 -22638.062449 81289.424355 3550295857.988166 star.gif
84168985950.231216 11107915181.828793 -10968.840958 83419.950095 3529411764.705883 star.gif
85392883996.085495 -656511876.386413 677.483854 83891.620672 3508771929.824562 star.gif
84996896521.467392 -12375246902.568827 12077.064221 82775.409913 3488372093.023256 star.gif
83039175501.499252 -23833458758.349968 23027.742313 80168.613081 3468208092.485549 star.gif
79603624193.551849 -34833846438.412231 33351.155966 76190.170695 3448275862.068965 star.gif
74796072199.458862 -45199005587.936623 42894.046348 70976.070964 3428571428.571429 star.gif
68740408481.718430 -54773121610.132851 51528.848506 64674.933210 3409090909.090909 star.gif
61574765468.891830 -63423038923.588669 59153.652169 57443.853598 3389830508.474576 star.gif
53447832150.550110 -71038763926.623688 65691.622950 49444.574566 3370786516.853932 star.gif
44515359269.301620 -77533464325.761459 71089.973781 40840.021200 3351955307.262570 star.gif
34936905713.131668 -82843030078.477280 75318.573614 31791.231479 3333333333.333333 star.gif
24872862265.001053 -86925261653.327118 78368.275622 22454.693159 3314917127.071823 star.gif
14481777153.260408 -89758750004.143631 80249.040942 12980.087957 3296703296.703297 star.gif
3917997475.873135 -91341509943.542313 80987.926771 3508.433753 3278688524.590164 star.gif
-6670368413.020321 -91689424818.638504 80626.999825 -5829.392422 3260869565.217391 star.gif
-17143170077.445196 -90834555838.356277 79221.228180 -14913.773961 3243243243.243243 star.gif
-27369624531.987972 -88823364339.157852 76836.396480 -23637.144549 3225806451.612903 star.gif
-37229429958.126564 -85714889935.115509 73547.081820 -31904.478978 3208556149.732620 star.gif
-46613601301.653397 -81578922067.576187 69434.720322 -39633.517179 3191489361.702127 star.gif
-55425048284.246689 -76494197104.708633 64585.787702 -46754.754289 3174603174.603175 star.gif
-63578918277.184906 -70546647964.861298 59090.111067 -53211.229226 3157894736.842105 star.gif
-71002727604.507706 -63827728341.743561 53039.323756 -58958.143198 3141361256.544503 star.gif
-77636305286.609711 -56432829060.092247 46525.470354 -63962.337982 3125000000.000000 star.gif
-83431573115.121033 -48459799930.386726 39639.764952 -68201.661842 3108808290.155440 star.gif
-88352185371.721924 -40007586728.579910 32471.502355 -71664.248717 3092783505.154639 star.gif
-92373050570.427490 -31174989599.766670 25107.119170 -74347.733915 3076923076.923077 star.gif
-95479756387.365814 -22059546287.527088 17629.399442 -76258.427094 3061224489.795918 star.gif
-97667917538.199936 -12756541084.255152 10116.817827 -77410.460863 3045685279.187817 star.gif
-98942464817.525223 -3358138291.227261 2643.011972 -77824.930941 3030303030.303030 star.gif
-99316891898.749817 6047362785.148321 -4723.625107 -77529.041535 3015075376.884422 star.gif
-98812474841.434799 15376155696.886309 -11920.242449 -76555.267443 3000000000.000000 star.gif
-97457477610.638504 24549443103.768333 -18889.728439 -74940.542410 2985074626.865672 star.gif
-95286355306.192886 33493847794.636459 -25580.818110 -72725.481405 2970297029.702971 star.gif
-92338965253.518387 42141725490.702652 -31948.120475 -69953.642894 2955665024.630542 star.gif
-88659794639.678055 50431386858.306190 -37952.075601 -66670.835635 2941176470.588235 star.gif
-84297211999.667389 58307236399.620979 -43558.850787 -62924.473278 2926829268.292683 star.gif
-79302748578.637558 65719835976.148552 -48740.184688 -58762.978862 2912621359.223301 star.gif
-73730414419.469955 72625900681.012039 -53473.187698 -54235.240330 2898550724.637681 star.gif
-67636052955.168129 78988234630.127655 -57740.106339 -49390.117329 2884615384.615385 star.gif
-61076736917.126648 84775614015.317139 -61528.058760 -44275.998847 2870813397.129187 star.gif
-54110207510.271255 89962624460.123199 -64828.747869 -38940.410634 2857142857.142857 star.gif
-46794358038.883255 94529459373.725693 -67638.157988 -33429.670887 2843601895.734597 star.gif
-39186762499.308418 98461685607.611557 -69956.240325 -27788.592253 2830188679.245283 star.gif
-31344249071.633785 101749982308.143387 -71786.591988 -22060.227940 2816901408.450704 star.gif
-23322517949.286263 104389858424.296555 -73136.132683 -16285.659474 2803738317.757010 star.gif
-15175802519.954180 106381353895.158997 -74014.782755 -10503.823474 2790697674.418605 star.gif
-6956572563.313408 107728729101.324005 -74435.145689 -4751.374743 2777777777.777778 star.gif
1284722154.874178 108440146731.791901 -74412.197755 937.417118 2764976958.525346 star.gif
9499869740.161919 108527349795.500229 -73962.987064 6530.740352 2752293577.981651 star.gif
17643077502.954376 108005339098.398010 -73106.343864 11999.285702 2739726027.397260 star.gif
25671118918.085232 106892053115.913208 -71862.603607 17316.265803 2727272727.272727 star.gif
33543448451.394440 105208052819.209641 -70253.343948 22457.411929 2714932126.696833 star.gif
41222286541.546539 102976213663.785507 -68301.136561 27400.950642 2702702702.702703 star.gif
48672677047.553009 100221426620.779358 -66029.314393 32127.562758 2690582959.641255 star.gif
55862519462.029587 96970309827.046509 -63461.754755 36620.326934 2678571428.571429 star.gif
62762578162.427101 93250932147.711349 -60622.678429 40864.650047 2666666666.666667 star.gif
69346470918.753738 89092549687.070694 -57536.464792 44848.186393 2654867256.637168 star.gif
75590638811.843552 84525356047.617065 -54227.482817 48560.747595 2643171806.167401 star.gif
81474299636.145447 79580246922.969711 -50719.937676 51994.204982 2631578947.368421 star.gif
86979386770.601181 74288599418.804031 -47037.732528 55142.386035 2620087336.244542 star.gif
92090475403.122101 68682066323.771812 -43204.345043 58000.966379 2608695652.173913 star.gif
96794697891.368469 62792385399.351219 -39242.718068 60567.358662 2597402597.402597 star.gif
101081649932.441666 56651203625.884354 -35175.163831 62840.599516 2586206896.551724 star.gif
104943289107.427490 50289916221.850777 -31023.281013 64821.235693 2575107296.137339 star.gif
108373827252.624344 43739520156.272369 -26807.883985 66511.210329 2564102564.102564 star.gif
111369618000.586884 37030481787.187752 -22548.943481 67913.750190 2553191489.361702 star.gif
113929040725.298523 30192618186.206131 -18265.537976 69033.254634 2542372881.355932 star.gif
116052382018.062485 23254991652.455288 -13975.815029 69875.186943 2531645569.620253 star.gif
117741715717.885254 16245816870.055992 -9696.961841 70445.968550 2521008403.361344 star.gif
119000782420.421829 9192380125.797979 -5445.184313 70752.876649 2510460251.046025 star.gif
119834869293.058716 2120969978.380369 -1235.693870 70803.945546 2500000000.000000 star.gif
120250690933.287933 -4943181251.541051 2917.298614 70607.872068 2489626556.016598 star.gif
120256271920.545731 -11975945810.516001 7000.582498 70173.925275 2479338842.975206 star.gif
119860831630.427399 -18954339307.052372 11001.941284 69511.860644 2469135802.469136 star.gif
119074671803.590332 -25856550616.187931 14910.141374 68631.838856 2459016393.442623 star.gif
117909067290.453659 -32661963533.594425 18714.916278 67544.349264 2448979591.836735 star.gif
116376160326.230240 -39351170807.773018 22406.946811 66260.138072 2439024390.243902 star.gif
114488858629.899872 -45905981164.045494 25977.837808 64790.141218 2429149797.570850 star.gif
112260737564.028519 -52309419918.685997 29420.091850 63145.421923 2419354838.709677 star.gif
109705946540.678970 -58545723760.660477 32727.080459 61337.112834 2409638554.216867 star.gif
106839119812.007767 -64600330256.339973 35893.013181 59376.362671 2400000000.000000 star.gif
103675291741.082520 -70459862609.996155 38912.904954 57274.287264 2390438247.011952 star.gif
100229816610.240738 -76112110187.899078 41782.542133 55041.924832 2380952380.952381 star.gif
96518292989.827179 -81546005288.046249 44498.447478 52690.195381 2371541501.976285 star.gif
92556492659.951340 -86751596611.386230 47057.844440 50229.864030 2362204724.409449 star.gif
88360294049.845657 -91720019865.188461 49458.620990 47671.508131 2352941176.470588 star.gif
83945620136.730087 -96443465901.414734 51699.293259 45025.487975 2343750000.000000 star.gif
79328380724.724884 -100915146767.610764 53778.969202 42301.920920 2334630350.194552 star.gif
74524419007.196960 -105129260021.752487 55697.312485 39510.658768 2325581395.348837 star.gif
69549462299.863922 -109080951637.618515 57454.506771 36661.268174 2316602316.602316 star.gif
64419076820.413139 -112766277802.198349 59051.220555 33763.013943 2307692307.692307 star.gif
59148626379.423149 -116182165882.805588 60488.572699 30824.845008 2298850574.712644 star.gif
53753234838.550903 -119326374819.278381 61768.098753 27855.382911 2290076335.877862 star.gif
48247752186.523201 -122197455173.502777 62891.718187 24862.912623 2281368821.292776 star.gif
42646724077.966049 -124794709048.123260 63861.702607 21855.375529 2272727272.727273 star.gif
36964364676.029121 -127118150066.304260 64680.645023 18840.364402 2264150943.396226 star.gif
31214532639.838478 -129168463584.466949 65351.430216 15825.120220 2255639097.744361 star.gif
25410710094.704723 -130946967292.861008 65877.206268 12816.530662 2247191011.235955 star.gif
19565984424.901718 -132455572341.202271 66261.357262 9821.130144 2238805970.149254 star.gif
13693032729.332180 -133696745110.809250 66507.477191 6845.101245 2230483271.375465 star.gif
7804108782.695652 -134673469739.690186 66619.345085 3894.277399 2222222222.222222 star.gif
1911032347.067972 -135389211493.192093 66600.901349 974.146715 2214022140.221402 star.gif
-3974819317.055592 -135847881059.495148 66456.225330 -1910.143182 2205882352.941176 star.gif
-9842517888.384861 -136053799837.582001 66189.514089 -4753.779416 2197802197.802198 star.gif
-15681588513.991608 -136011666273.879166 65805.062369 -7552.277325 2189781021.897810 star.gif
-21482012569.465240 -135726523293.629257 65307.243740 -10301.473238 2181818181.818182 star.gif
-27234228782.954876 -135203726863.604324 64700.492895 -12997.516644 2173913043.478261 star.gif
-32929132853.096378 -134448915714.109695 63989.289078 -15636.861854 2166064981.949459 star.gif
-38558075683.693642 -133467982240.335312 63178.140607 -18216.259221 2158273381.294964 star.gif
-44112860352.931145 -132267044596.207901 62271.570455 -20732.746010 2150537634.408602 star.gif
-49585737931.758308 -130852419986.878845 61274.102878 -23183.636974 2142857142.857143 star.gif
-54969402256.405792 -129230599160.887680 60190.251020 -25566.514701 2135231316.725979 star.gif
-60256983759.487823 -127408222097.082108 59024.505487 -27879.219802 2127659574.468085 star.gif
-65442042454.325836 -125392054877.409149 57781.323841 -30119.840976 2120141342.756184 star.gif
-70518560165.264771 -123188967731.932693 56465.120970 -32286.705013 2112676056.338028 star.gif
-75480932089.527023 -120805914239.182404 55080.260305 -34378.366778 2105263157.894737 star.gif
-80323957771.770279 -118249911661.760117 53631.045843 -36393.599210 2097902097.902098 star.gif
-85042831567.615341 -115528022393.988541 52121.714928 -38331.383380 2090592334.494774 star.gif
-89633132667.415390 -112647336496.528015 50556.431771 -40190.898628 2083333333.333333 star.gif
-94090814746.775818 -109614955290.517838 48939.281646 -41971.512826 2076124567.474048 star.gif
-98412195306.497116 -106437975982.011841 47274.265751 -43672.772775 2068965517.241379 star.gif
-102593944758.780060 -103123477286.923172 45565.296672 -45294.394769 2061855670.103093 star.gif
-106633075314.847977 -99678506023.915054 43816.194442 -46836.255341 2054794520.547945 star.gif
-110526929722.194092 -96110064643.943726 42030.683128 -48298.382211 2047781569.965870 star.gif
-114273169898.086044 -92425099662.806976 40212.387950 -49680.945445 2040816326.530612 star.gif
-117869765501.637848 -88630490963.465088 38364.832860 -50984.248849 2033898305.084746 star.gif
-121314982482.960388 -84733041934.262695 36491.438585 -52208.721589 2027027027.027027 star.gif
-124607371644.848206 -80739470409.837494 34595.521078 -53354.910070 2020202020.202020 star.gif
-127745757249.617188 -76656400380.458145 32680.290362 -54423.470054 2013422818.791946 star.gif
-130729225700.390778 -72490354436.778351 30748.849735 -55415.159048 2006688963.210702 star.gif
-133557114323.530548 -68247746916.661514 28804.195306 -56330.828942 2000000000.000000 star.gif
-136229000276.153534 -63934877721.553947 26849.215847 -57171.418917 1993355481.727575 star.gif
-138744689600.343323 -59557926770.300697 24886.692918 -57937.948614 1986754966.887417 star.gif
-141104206443.533722 -55122949058.431160 22919.301265 -58631.511569 1980198019.801980 star.gif
-143307782461.621094 -50635870292.760948 20949.609451 -59253.268910 1973684210.526316 star.gif
-145355846420.278168 -46102483070.733864 18980.080704 -59804.443313 1967213114.754098 star.gif
-147249014007.730042 -41528443574.485298 17013.073970 -60286.313220 1960784313.725490 star.gif
-148988077869.647430 -36919268752.932343 15050.845136 -60700.207310 1954397394.136808 star.gif
-150573997876.821808 -32280333961.771454 13095.548428 -61047.499224 1948051948.051948 star.gif
-152007891633.162964 -27616871036.318031 11149.237940 -61329.602530 1941747572.815534 star.gif
-153291025231.043365 -22933966770.634258 9213.869305 -61547.965941 1935483870.967742 star.gif
-154424804259.495605 -18236561777.561890 7291.301475 -61704.068754 1929260450.160772 star.gif
-155410765069.515198 -13529449705.855770 5383.298600 -61799.416540 1923076923.076923 star.gif
-156250566299.490967 -8817276791.317713 3491.532003 -61835.537039 1916932907.348243 star.gif
-156945980663.223969 -4104541718.744528 1617.582226 -61813.976287 1910828025.477707 star.gif
-157498887001.301392 604404225.588584 -237.058862 -61736.294950 1904761904.761905 star.gif
-157911262596.616394 5305356732.284327 -2070.985896 -61604.064871 1898734177.215190 star.gif
-158185175753.268677 9994257797.798895 -3882.877805 -61418.865803 1892744479.495268 star.gif
-158322778637.933350 14667194821.969816 -5671.495568 -61182.282351 1886792452.830189 star.gif
-158326300381.818939 19320399493.282455 -7435.679937 -60895.901090 1880877742.946708 star.gif
-158198040440.799774 23950246477.569698 -9174.349151 -60561.307869 1875000000.000000 star.gif
-157940362211.127197 28553251928.104412 -10886.496626 -60180.085280 1869158878.504673 star.gif
-157555686896.997742 33126071830.794495 -12571.188651 -59753.810306 1863354037.267081 star.gif
-157046487626.600616 37665500200.919952 -14227.562073 -59284.052116 1857585139.318886 star.gif
-156415283812.313629 42168467143.857788 -15854.822000 -58772.370026 1851851851.851852 star.gif
-155664635750.742218 46632036794.398766 -17452.239505 -58220.311597 1846153846.153846 star.gif
-154797139457.824310 51053405146.036217 -19019.149355 -57629.410878 1840490797.546012 star.gif
-153815421734.185791 55429897782.883453 -20554.947752 -57001.186790 1834862385.321101 star.gif
-152722135455.446045 59758967524.910164 -22059.090101 -56337.141626 1829268292.682927 star.gif
-151519955082.320496 64038191997.405403 -23531.088810 -55638.759689 1823708206.686930 star.gif
-150211572385.006775 68265271134.048141 -24970.511113 -54907.506035 1818181818.181818 star.gif
-148799692376.264008 72438024623.793381 -26376.976929 -54144.825336 1812688821.752266 star.gif
-147287029447.568451 76554389309.684387 -27750.156757 -53352.140842 1807228915.662651 star.gif
-145676303702.825592 80612416547.199860 -29089.769612 -52530.853454 1801801801.801802 star.gif
-143970237483.406433 84610269532.066071 -30395.580990 -51682.340885 1796407185.628742 star.gif
-142171552079.421936 88546220601.742676 -31667.400889 -50807.956910 1791044776.119403 star.gif
-140282964620.829681 92418648519.833389 -32905.081856 -49909.030717 1785714285.714286 star.gif
-138307185142.994843 96226035748.345428 -34108.517093 -48986.866317 1780415430.267062 star.gif
-136246913820.880539 99966965713.800232 -35277.638598 -48042.742055 1775147928.994083 star.gif
-134104838366.212616 103640120072.983231 -36412.415354 -47077.910173 1769911504.424779 star.gif
-131883631581.972778 107244275982.811691 -37512.851560 -46093.596457 1764705882.352941 star.gif
-129585949068.263840 110778303380.009216 -38578.984922 -45090.999939 1759530791.788856 star.gif
-127214427075.135468 114241162272.983109 -39610.884970 -44071.292667 1754385964.912281 star.gif
-124771680495.487610 117631900052.088943 -40608.651438 -43035.619524 1749271137.026239 star.gif
-122260300994.029999 120949648820.031479 -41572.412686 -41985.098109 1744186046.511628 star.gif
-119682855266.047440 124193622747.089783 -42502.324165 -40920.818662 1739130434.782609 star.gif
-117041883421.760620 127363115453.064377 -43398.566935 -39843.844041 1734104046.242774 star.gif
-114339897490.491745 130457497419.513367 -44261.346221 -38755.209737 1729106628.242075 star.gif
-111579380040.002869 133476213434.691605 -45090.890025 -37655.923934 1724137931.034483 star.gif
-108762782906.570374 136418780072.647980 -45887.447774 -36546.967607 1719197707.736390 star.gif
-105892526030.241379 139284783209.789673 -46651.289019 -35429.294651 1714285714.285714 star.gif
-102970996391.823318 142073875579.398041 -47382.702176 -34303.832053 1709401709.401709 star.gif
-100000547046.036575 144785774366.844543 -48081.993309 -33171.480077 1704545454.545455 star.gif
-96983496247.368179 147420258846.085663 -48749.484963 -32033.112496 1699716713.881020 star.gif
-93922126663.975327 149977168059.035370 -49385.515026 -30889.576837 1694915254.237288 star.gif
-90818684675.556244 152456398538.935608 -49990.435649 -29741.694653 1690140845.070423 star.gif
-87675379751.529083 154857902078.357574 -50564.612193 -28590.261815 1685393258.426966 star.gif
-84494383905.287888 157181683542.899719 -51108.422225 -27436.048831 1680672268.907563 star.gif
-81277831221.132065 159427798730.925110 -51622.254545 -26279.801173 1675977653.631285 star.gif
-78027817449.977753 161596352280.063690 -52106.508261 -25122.239623 1671309192.200557 star.gif
-74746399670.678192 163687495620.640991 -52561.591893 -23964.060639 1666666666.666667 star.gif
-71435596013.410629 165701424976.458435 -52987.922513 -22805.936725 1662049861.495845 star.gif
-68097385441.799812 167638379412.955811 -53385.924933 -21648.516824 1657458563.535912 star.gif
-64733707590.595711 169498638933.109131 -53756.030909 -20492.426704 1652892561.983471 star.gif
-61346462656.647560 171282522620.276642 -54098.678394 -19338.269374 1648351648.351648 star.gif
-57937511338.709167 172990386829.094452 -54414.310816 -18186.625488 1643835616.438356 star.gif
-54508674824.942612 174622623422.990662 -54703.376391 -17038.053768 1639344262.295082 star.gif
-51061734824.402588 176179658058.837952 -54966.327464 -15893.091431 1634877384.196185 star.gif
-47598433639.949181 177661948518.300659 -55203.619884 -14752.254612 1630434782.608696 star.gif
-44120474280.674591 179069983085.209778 -55415.712407 -13616.038800 1626016260.162602 star.gif
-40629520610.669281 180404278968.951233 -55603.066122 -12484.919273 1621621621.621622 star.gif
-37127197532.869392 181665380772.779449 -55766.143914 -11359.351534 1617250673.854447 star.gif
-33615091204.252155 182853859007.468140 -55905.409947 -10239.771748 1612903225.806452 star.gif
-30094749281.779213 183970308648.749054 -56021.329172 -9126.597181 1608579088.471850 star.gif
-26567681196.427113 185015347738.468842 -56114.366866 -8020.226634 1604278074.866310 star.gif
-23035358452.794819 185989616028.936096 -56184.988185 -6921.040886 1600000000.000000 star.gif
-19499214953.607807 186893773669.362976 -56233.657755 -5829.403123 1595744680.851064 star.gif
-15960647346.472265 187728499934.036285 -56260.839270 -4745.659372 1591511936.339523 star.gif
-12421015391.235395 188494491991.515381 -56266.995118 -3670.138930 1587301587.301587 star.gif
-8881642346.968601 189192463713.921997 -56252.586034 -2603.154796 1583113456.464380 star.gif
-5343815375.903070 189823144525.828186 -56218.070763 -1545.004085 1578947368.421053 star.gif
-1808785964.396174 190387278291.728485 -56163.905747 -495.968455 1574803149.606299 star.gif
1722229642.491013 190885622241.676056 -56090.544831 543.685479 1570680628.272251 star.gif
5248049991.594122 191318945933.777100 -55998.438987 1573.705740 1566579634.464752 star.gif
8767527961.658392 191688030253.456512 -55888.036053 2593.854576 1562500000.000000 star.gif
12279550291.457495 191993666448.059845 -55759.780493 3603.908065 1558441558.441558 star.gif
15783037098.496883 192236655196.410645 -55614.113167 4603.655719 1554404145.077720 star.gif
19276941388.855247 192417805712.295288 -55451.471120 5592.900092 1550387596.899225 star.gif
22760248559.907482 192537934881.312134 -55272.287389 6571.456400 1546391752.577320 star.gif
26231975895.923721 192597866430.014099 -55076.990815 7539.152140 1542416452.442159 star.gif
29691172058.467899 192598430126.862457 -54866.005875 8495.826721 1538461538.461539 star.gif
33136916571.281372 192540461013.869537 -54639.752531 9441.331099 1534526854.219949 star.gif
36568319302.358932 192424798668.505463 -54398.646079 10375.527414 1530612244.897959 star.gif
39984519941.583694 192252286494.770569 -54143.097019 11298.288643 1526717557.251908 star.gif
43384687477.107338 192023771042.910461 -53873.510940 12209.498251 1522842639.593909 star.gif
46768019669.020317 191740101356.857056 -53590.288401 13109.049851 1518987341.772152 star.gif
50133742523.061172 191402128348.712402 -53293.824840 13996.846872 1515151515.151515 star.gif
53481109762.960152 191010704199.524628 -52984.510480 14872.802236 1511335012.594458 star.gif
56809402303.352646 190566681785.612152 -52662.730249 15736.838031 1507537688.442211 star.gif
60117927723.661644 190070914129.724762 -52328.863711 16588.885207 1503759398.496241 star.gif
63406019743.177452 189524253876.262909 -51983.285003 17428.883264 1500000000.000000 star.gif
66673037697.253059 188927552790.010590 -51626.362781 18256.779955 1496259351.620948 star.gif
69918366016.709045 188281661277.470215 -51258.460171 19072.530992 1492537313.432836 star.gif
73141413709.111847 187587427930.332672 -50879.934735 19876.099762 1488833746.898263 star.gif
76341613843.446533 186845699090.259888 -50491.138434 20667.457045 1485148514.851485 star.gif
79518423038.139801 186057318434.396606 -50092.417607 21446.580743 1481481481.481482 star.gif
82671320952.626907 185223126580.990417 -49684.112949 22213.455612 1477832512.315271 star.gif
85799809783.409546 184343960714.397308 -49266.559499 22968.073005 1474201474.201474 star.gif
88903413763.944946 183420654228.953186 -48840.086634 23710.430615 1470588235.294118 star.gif
91981678669.708023 182454036391.058441 -48405.018065 24440.532229 1466992665.036675 star.gif
95034171327.550583 181444932018.889160 -47961.671844 25158.387487 1463414634.146342 star.gif
98060479130.916763 180394161179.106842 -47510.360367 25864.011650 1459854014.598540 star.gif
101060209559.685120 179302538900.172211 -47051.390391 26557.425366 1456310679.611650 star.gif
104032989705.858612 178170874901.455170 -46585.063050 27238.654451 1452784503.631961 star.gif
106978465805.050461 176999973337.770630 -46111.673874 27907.729673 1449275362.318841 star.gif
109896302773.498596 175790632558.926147 -45631.512815 28564.686538 1445783132.530120 star.gif
112786183751.547379 174543644883.277771 -45144.864278 29209.565086 1442307692.307692 star.gif
115647809652.651932 173259796385.518677 -44652.007148 29842.409695 1438848920.863309 star.gif
118480898719.187775 171939866697.534576 -44153.214829 30463.268882 1435406698.564593 star.gif
121285186084.411636 170584628822.234924 -43648.755277 31072.195119 1431980906.921241 star.gif
124060423340.396240 169194848959.878113 -43138.891048 31669.244645 1428571428.571429 star.gif
126806378113.413605 167771286346.178741 -42623.879332 32254.477296 1425178147.268409 star.gif
129522833644.881683 166314693102.072815 -42103.972006 32827.956324 1421800947.867299 star.gif
132209588379.596954 164825814094.536041 -41579.415677 33389.748236 1418439716.312057 star.gif
134866455560.308472 163305386808.021484 -41050.451735 33939.922627 1415094339.622642 star.gif
137493262829.113281 161754141226.241272 -40517.316401 34478.552029 1411764705.882353 star.gif
140089851835.488068 160172799723.741852 -39980.240782 35005.711750 1408450704.225352 star.gif
142656077851.068268 158562076967.038269 -39439.450928 35521.479732 1405152224.824356 star.gif
145191809391.128418 156922679824.820099 -38895.167884 36025.936406 1401869158.878505 star.gif
147696927843.019806 155255307286.861908 -38347.607750 36519.164553 1398601398.601399 star.gif
150171327100.693634 153560650391.558075 -37796.981741 37001.249168 1395348837.209302 star.gif
152614913207.023865 151839392161.084656 -37243.496245 37472.277332 1392111368.909513 star.gif
155027604001.515198 150092207544.858734 -36687.352882 37932.338087 1388888888.888889 star.gif
157409328775.817017 148319763369.882477 -36128.748572 38381.522310 1385681293.302540 star.gif
159760027934.993225 146522718298.576324 -35567.875589 38819.922599 1382488479.262673 star.gif
162079652666.071686 144701722793.135345 -35004.921633 39247.633158 1379310344.827586 star.gif
164368164612.644592 142857419086.612061 -34440.069887 39664.749685 1376146788.990826 star.gif
166625535556.254608 140990441159.996796 -33873.499082 40071.369269 1372997711.670480 star.gif
168851747103.981537 139101414725.543945 -33305.383566 40467.590284 1369863013.698630 star.gif
171046790382.758911 137190957215.488403 -32735.893365 40853.512292 1366742596.810934 star.gif
173210665739.766541 135259677776.348694 -32165.194246 41229.235946 1363636363.636364 star.gif
175343382449.241974 133308177268.364807 -31593.447791 41594.862898 1360544217.687075 star.gif
177444958425.316986 131337048269.985214 -31020.811450 41950.495713 1357466063.348416 star.gif
179515419941.303986 129346875086.880997 -30447.438619 42296.237775 1354401805.869075 star.gif
181554801354.777161 127338233765.570862 -29873.478696 42632.193215 1351351351.351351 star.gif
183563144838.838043 125311692111.315002 -29299.077150 42958.466822 1348314606.741573 star.gif
185540500119.295837 123267809709.964310 -28724.375589 43275.163971 1345291479.820628 star.gif
187486924217.621246 121207137953.826782 -28149.511818 43582.390550 1342281879.194631 star.gif
189402481199.741058 119130220071.081543 -27574.619912 43880.252883 1339285714.285714 star.gif
191287241930.641754 117037591158.627075 -26999.830273 44168.857669 1336302895.322940 star.gif
193141283834.403351 114929778218.387863 -26425.269700 44448.311913 1333333333.333333 star.gif
194964690659.856293 112807300196.629105 -25851.061451 44718.722860 1330376940.133038 star.gif
196757552251.940033 110670668026.108749 -25277.325305 44980.197940 1327433628.318584 star.gif
198519964327.977020 108520384671.336700 -24704.177627 45232.844705 1324503311.258278 star.gif
200252028259.723694 106356945176.052887 -24131.731429 45476.770775 1321585903.083700 star.gif
201953850860.403717 104180836713.491653 -23560.096434 45712.083785 1318681318.681319 star.gif
203625544176.785706 101992538638.913116 -22989.379139 45938.891333 1315789473.684211 star.gif
205267225286.636322 99792522544.142349 -22419.682869 46157.300929 1312910284.463895 star.gif
206879016100.836945 97581252314.403885 -21851.107848 46367.419952 1310043668.122271 star.gif
208461043170.541382 95359184186.941833 -21283.751251 46569.355600 1307189542.483660 star.gif
210013437499.060028 93126766811.510834 -20717.707265 46763.214850 1304347826.086957 star.gif
211536334358.593231 90884441312.400803 -20153.067152 46949.104416 1301518438.177874 star.gif
213029873111.490387 88632641352.215408 -19589.919301 47127.130711 1298701298.701299 star.gif
214494197036.036987 86371793196.949188 -19028.349292 47297.399804 1295896328.293736 star.gif
215929453156.819031 84102315782.534470 -18468.439946 47460.017392 1293103448.275862 star.gif
217335792079.395996 81824620782.494263 -17910.271388 47615.088760 1290322580.645161 star.gif
218713367829.279022 79539112676.854355 -17353.921097 47762.718750 1287553648.068670 star.gif
220062337695.240021 77246188822.009613 -16799.463964 47903.011730 1284796573.875803 star.gif
221382862076.616302 74946239521.614822 -16246.972345 48036.071567 1282051282.051282 star.gif
222675104334.708038 72639648098.337524 -15696.516116 48162.001594 1279317697.228145 star.gif
223939230648.353729 70326790966.261032 -15148.162723 48280.904587 1276595744.680851 star.gif
225175409873.038239 68008037704.321327 -14601.977236 48392.882739 1273885350.318471 star.gif
226383813404.243439 65683751129.889732 -14058.022400 48498.037638 1271186440.677966 star.gif
227564615044.220306 63354287373.365730 -13516.358685 48596.470238 1268498942.917547 star.gif
228717990872.589264 61019995953.040298 -12977.044335 48688.280847 1265822784.810127 star.gif
229844119120.461853 58681219850.417542 -12440.135421 48773.569099 1263157894.736842 star.gif
230943180048.309967 56338295585.690529 -11905.685885 48852.433939 1260504201.680672 star.gif
232015355826.815582 53991553293.978378 -11373.747588 48924.973606 1257861635.220126 star.gif
233060830421.667877 51641316801.248520 -10844.370359 48991.285612 1255230125.523013 star.gif
234079789481.125336 49287903700.901482 -10317.602042 49051.466729 1252609603.340292 star.gif
235072420227.276642 46931625430.056252 -9793.488537 49105.612978 1250000000.000000 star.gif
236038911350.061768 44572787346.255783 -9272.073848 49153.819606 1247401247.401248 star.gif
236979452904.674683 42211688803.938911 -8753.400128 49196.181083 1244813278.008299 star.gif
237894236211.844696 39848623231.110954 -8237.507718 49232.791084 1242236024.844721 star.gif
238783453761.140320 37483878205.677162 -7724.435194 49263.742481 1239669421.487603 star.gif
239647299117.091827 35117735531.959435 -7214.219405 49289.127330 1237113402.061856 star.gif
240485966828.188477 32750471316.911583 -6706.895517 49309.036865 1234567901.234568 star.gif
241299652338.645203 30382356046.086361 -6202.497053 49323.561488 1232032854.209445 star.gif
242088551902.785034 28013654659.586319 -5701.055931 49332.790760 1229508196.721312 star.gif
242852862502.282532 25644626627.405113 -5202.602503 49336.813397 1226993865.030675 star.gif
243592781765.608368 23275526024.996990 -4707.165596 49335.717260 1224489795.918367 star.gif
244308507890.301483 20906601608.066551 -4214.772546 49329.589352 1221995926.680244 star.gif
245000239567.599915 18538096887.184597 -3725.449237 49318.515811 1219512195.121951 star.gif
245668175909.447906 16170250202.012480 -3239.220139 49302.581908 1217038539.553752 star.gif
246312516377.802277 13803294795.261803 -2756.108338 49281.872041 1214574898.785425 star.gif
246933460716.350830 11437458885.932365 -2276.135577 49256.469732 1212121212.121212 star.gif
247531208884.313629 9072965742.418550 -1799.322285 49226.457626 1209677419.354839 star.gif
248105960992.522552 6710033754.893983 -1325.687616 49191.917486 1207243460.764588 star.gif
248657917241.565857 4348876507.398416 -855.249477 49152.930195 1204819277.108434 star.gif
249187277862.051239 1989702849.238918 -388.024562 49109.575751 1202404809.619238 star.gif
249694243056.825348 -367283033.994628 75.971613 49061.933268 1200000000.000000 star.gif
-21837731712123.125000 12706738450893.687500 -1393176.293004 810623.518279 600000000000.000000 star.gif
-902376288.236491 -163917214.970766 86808.492070 -842842.279731 300000000000.000000 star.gif
1335723388.116261 -437922938.840379 291531.063321 614837.103647 200000000000.000000 star.gif
-2022530789.051677 -469650830.150838 69540.623179 -525608.379568 150000000000.000000 star.gif
-2038835950.115318 -1319441568.285221 246807.500705 -441135.513380 120000000000.000000 star.gif
425027084.430983 3007572844.748312 -433932.663945 86799.311389 100000000000.000000 star.gif
658635541.850658 3383549900.393229 -409396.405494 97605.948430 85714285714.285721 star.gif
-1998770752.627547 -3554414184.133539 327892.463209 -192175.598833 75000000000.000000 star.gif
972382337.827992 -4457242243.830814 352575.130028 74112.462359 66666666666.666664 star.gif
-4146578263.844115 -2878237645.472581 189062.192549 -286577.937426 60000000000.000000 star.gif
4679206752.372125 2810151027.362734 -170668.119223 285826.462361 54545454545.454544 star.gif
-4141626749.408944 4277432230.002498 -233048.573318 -217545.291819 50000000000.000000 star.gif
2940998618.215693 5732221493.463254 -272054.375891 141400.771529 46153846153.846153 star.gif
-4323446593.764323 -5558771090.543296 227339.099323 -181840.207016 42857142857.142860 star.gif
3960747701.825531 6309110877.169317 -240731.436173 152256.424881 40000000000.000000 star.gif
-2082515735.801227 7664210440.312480 -266873.862572 -70136.536231 37500000000.000000 star.gif
-2311621029.239059 -8227030218.534641 253879.649167 -73630.979881 35294117647.058823 star.gif
4946828682.971092 7463841118.006169 -216056.258679 143882.341781 33333333333.333332 star.gif
-9202670355.700603 2266483289.814983 -62780.165733 -244035.023110 31578947368.421051 star.gif
-9757728429.234159 2087902349.049219 -53677.953835 -239607.786765 30000000000.000000 star.gif
9844225548.453325 3602961452.125140 -82293.325831 224914.372855 28571428571.428570 star.gif
6795022523.317100 8600356272.703917 -183782.863847 145561.046752 27272727272.727272 star.gif
-6583354441.457941 -9462075399.134844 186231.505927 -131438.338684 26086956521.739132 star.gif
-11884940029.401741 -1597899970.075687 28157.792363 -222042.262515 25000000000.000000 star.gif
-3999066626.599307 -11876627357.762909 206797.338034 -70827.135231 24000000000.000000 star.gif
8049483465.095264 10161398198.904297 -168809.975611 133946.576329 23076923076.923077 star.gif
6105903202.234015 -12077536070.502821 187938.407859 94486.990482 22222222222.222221 star.gif
-3404162823.659490 -13610558928.414675 200243.349922 -50989.309965 21428571428.571430 star.gif
2460039925.331542 -14323211993.339891 200179.426835 33780.417359 20689655172.413792 star.gif
14997637606.779665 225677400.281892 -3011.934015 200036.182997 20000000000.000000 star.gif
-10703645775.352072 11149696581.740669 -142901.588707 -136125.869083 19354838709.677418 star.gif
10637565547.709356 -11986115103.696154 144800.767434 128183.700034 18750000000.000000 star.gif
-16260073513.436483 2646664806.372540 -31540.498489 -188420.791763 18181818181.818180 star.gif
6979371404.509932 15457063956.535921 -171612.490387 77645.528467 17647058823.529411 star.gif
17406063305.704319 -1847400707.103830 19557.014387 184134.151534 17142857142.857143 star.gif
12094444089.560987 -13363069447.850115 135358.295933 122234.185081 16666666666.666666 star.gif
8484952093.725060 -16468686198.636202 160037.801255 82132.076384 16216216216.216217 star.gif
11389444312.371820 -15237732668.308308 142325.825718 106107.873015 15789473684.210526 star.gif
18160717293.907188 -7134910908.576206 64175.123112 163181.743655 15384615384.615385 star.gif
17169814465.322264 10218622380.466497 -88699.833022 149016.021031 15000000000.000000 star.gif
-4193775299.470870 20016949885.844395 -167932.905426 -34934.562566 14634146341.463415 star.gif
-20658166760.032585 -3663844771.320545 29002.137446 -166727.080931 14285714285.714285 star.gif
8609140151.250515 -19725976122.425129 153082.694396 66539.656317 13953488372.093023 star.gif
13638824577.798979 17222688851.316296 -129670.545696 102707.761715 13636363636.363636 star.gif
-22432396546.441727 -1377239117.299276 9540.823175 -163246.626617 13333333333.333334 star.gif
19335055063.324554 -12484378798.782837 87650.419692 135582.891646 13043478260.869566 star.gif
-12638304083.373514 19754180170.060062 -135048.644214 -86100.163935 12765957446.808510 star.gif
7639166849.698600 -22772911322.412006 149891.118395 50034.855533 12500000000.000000 star.gif
-6033203621.709420 23695084305.638039 -152033.649694 -38547.704508 12244897959.183674 star.gif
8265127289.568476 -23614434791.725254 146218.728096 50946.444784 12000000000.000000 star.gif
-13779140458.370901 21397496503.800846 -129362.264585 -83058.199498 11764705882.352942 star.gif
21087827661.028458 -15233967009.157499 88999.958440 123049.582922 11538461538.461538 star.gif
-26280615688.518440 3112369011.176840 -18053.005410 -149626.994474 11320754716.981133 star.gif
23635680259.690735 13017965191.679426 -72000.157884 130676.709165 11111111111.111111 star.gif
-8736394878.289076 -26081620102.271351 139972.404307 -47196.528090 10909090909.090910 star.gif
-13922333124.536831 24234670426.296890 -127269.700431 -72937.891883 10714285714.285715 star.gif
28347434977.861343 -2973231288.801431 15147.529089 144323.858432 10526315789.473684 star.gif
-17089709753.380423 -23423459546.516781 116072.074475 -85054.919324 10344827586.206896 star.gif
-14039073086.621714 25886522335.051418 -125677.155353 -68013.319071 10169491525.423729 star.gif
29713678884.877739 4105410904.360841 -19373.594637 140143.018446 10000000000.000000 star.gif
-4203987499.110163 -30215557008.886837 138891.887094 -19558.460514 9836065573.770493 star.gif
-29148935543.461063 10415625101.191114 -47096.159983 -131164.784284 9677419354.838709 star.gif
14556065629.691755 27895876727.124008 -122527.582697 63924.237660 9523809523.809525 star.gif
27322397524.744339 -16679859498.667467 71393.205157 116828.954494 9375000000.000000 star.gif
-17005204084.830486 -27687785939.558037 115706.347081 -71350.610639 9230769230.769230 star.gif
-28950522219.453297 15732905121.387409 -64647.477909 -118607.143619 9090909090.909090 star.gif
12720590328.217356 30950451536.075935 -123955.824886 50935.866367 8955223880.597015 star.gif
33144151153.866299 -7604858676.806489 29731.310738 129484.761814 8823529411.764706 star.gif
-288035777.706854 -34503937078.984871 131883.295162 -1283.304397 8695652173.913044 star.gif
-33832679644.974522 -8824430494.717863 32879.877568 -126906.146557 8571428571.428572 star.gif
-18887439252.361195 29993316377.572048 -110251.321889 -69334.077616 8450704225.352113 star.gif
21994167399.290440 28463506575.823536 -102278.994995 78999.258626 8333333333.333333 star.gif
35250817946.810440 -9490044562.574896 33355.501245 123808.990355 8219178082.191781 star.gif
6360852222.139477 -36455617879.564384 125483.037120 21742.954249 8108108108.108109 star.gif
-29943673645.201370 -22531700699.202045 75966.035726 -101288.781458 8000000000.000000 star.gif
-34658559270.426758 15447890214.274454 -51359.154828 -114913.534710 7894736842.105263 star.gif
-4636740381.150509 38168281206.605850 -124124.066585 -15063.398842 7792207792.207792 star.gif
29937729447.879845 24961213872.100876 -79516.388296 95322.468154 7692307692.307693 star.gif
38088199360.723755 -10487520605.809052 32743.668401 118831.597996 7594936708.860760 star.gif
14436096441.922506 -37311902936.411247 114273.634476 44086.524511 7500000000.000000 star.gif
-20662217490.156384 -34813671036.083900 104648.785163 -62313.101628 7407407407.407408 star.gif
-40452733985.953659 -6388027788.981751 18743.266027 -119679.080510 7317073170.731708 star.gif
-31788348516.354527 26584939265.508202 -77328.064539 -92344.382746 7228915662.650602 star.gif
-1947675981.585189 41904052891.494102 -119568.095224 -5559.038626 7142857142.857142 star.gif
29150265464.592388 30892567105.794384 -86513.659553 81590.533682 7058823529.411765 star.gif
42971534924.955093 1540409235.376261 -4235.414133 118080.851925 6976744186.046512 star.gif
32716016504.786514 -28682518109.546597 77473.959570 88273.115565 6896551724.137931 star.gif
5125967769.005196 -43699838644.641937 116024.772195 13483.028687 6818181818.181818 star.gif
-25020077402.878651 -36771917868.785294 95989.639776 -65498.309068 6741573033.707865 star.gif
-43224947636.522949 -12341979247.152872 31613.872114 -111215.254333 6666666666.666667 star.gif
-41875050918.902855 17637035235.714104 -44723.803684 -105968.849327 6593406593.406593 star.gif
-22568315226.592419 40012395301.247002 -99646.154008 -56176.197732 6521739130.434783 star.gif
5890806717.167006 46077636856.073563 -112820.871920 14403.161180 6451612903.225806 star.gif
32031351885.053978 34359569788.429176 -82732.941648 77081.553453 6382978723.404255 star.gif
46409222668.222557 10095383678.476593 -23911.330750 109859.188383 6315789473.684211 star.gif
44654119763.171303 -17623895445.885490 41076.674524 103998.771596 6250000000.000000 star.gif
28187060403.954674 -39475210754.026131 90574.905655 64580.219070 6185567010.309278 star.gif
2926332578.318166 -48906467715.254982 110507.234255 6497.407444 6122448979.591837 star.gif
-23144646446.346783 -43727646780.860229 97318.561698 -51658.651230 6060606060.606061 star.gif
-42571561782.336159 -26137185027.279179 57275.726914 -93526.482743 6000000000.000000 star.gif
-50416225705.545853 -1514922523.340560 3182.328970 -109113.653053 5940594059.405941 star.gif
-45221626810.123810 23430627335.912128 -50029.127789 -96433.850166 5882352941.176471 star.gif
-28910622419.723591 42538590164.248283 -89419.288979 -60752.613772 5825242718.446602 star.gif
-5863481686.391761 51611305678.231987 -106872.077557 -12157.419011 5769230769.230769 star.gif
18427421812.624275 49116132539.118835 -100206.350070 37560.363142 5714285714.285714 star.gif
38717941472.325897 36158774983.806892 -72695.704925 77792.639065 5660377358.490566 star.gif
51077255230.127213 15891264337.044020 -31489.556385 101154.487385 5607476635.514019 star.gif
53493827473.660370 -7395194152.829864 14446.947358 104436.061479 5555555555.555555 star.gif
45999594388.199738 -29239503403.775063 56328.457569 88540.012771 5504587155.963303 star.gif
30392959592.277760 -45842441244.088432 87109.602368 57667.361221 5454545454.545455 star.gif
9696484340.878435 -54638758253.555397 102431.472558 18081.731400 5405405405.405405 star.gif
-12501653391.795252 -54564455339.393166 100935.537135 -23237.490097 5357142857.142858 star.gif
-32689866188.598553 -46036533147.684250 84035.441689 -59808.310435 5309734513.274336 star.gif
-47959971061.816856 -30704906261.674068 55298.687193 -86563.801953 5263157894.736842 star.gif
-56359710776.435318 -11058317874.378513 19612.827167 -100395.359399 5217391304.347826 star.gif
-57051286281.882668 10029508840.021301 -17696.439296 -100315.713526 5172413793.103448 star.gif
-50289170942.661720 29736689511.483036 -51656.996069 -87293.111184 5128205128.205129 star.gif
-37253970675.275734 45654825760.445007 -78256.370482 -63845.441754 5084745762.711864 star.gif
-19791834319.485561 56040334372.568932 -94814.432228 -33499.106382 5042016806.722689 star.gif
-111473658.020244 59943169529.005806 -100119.430109 -213.865439 5000000000.000000 star.gif
19514725249.875721 57219895066.443703 -94358.522527 32143.389965 4958677685.950413 star.gif
37009824080.085861 48451649463.425842 -78895.076350 60219.390823 4918032786.885246 star.gif
50689021563.428688 34794907235.784912 -55952.758438 81461.119135 4878048780.487804 star.gif
59383916565.603889 17794713581.488800 -28263.376465 94264.011403 4838709677.419354 star.gif
62494971707.033562 -812384202.247577 1274.642450 97995.397551 4800000000.000000 star.gif
59980533356.059219 -19283568988.292801 29893.493096 92917.714496 4761904761.904762 star.gif
52295483090.339066 -36027265665.100929 55188.729567 80040.634730 4724409448.818897 star.gif
40294659458.261986 -49723355100.930496 75278.975692 60931.129502 4687500000.000000 star.gif
25116181076.561081 -59402141410.803116 88893.203870 37507.325461 4651162790.697675 star.gif
8058353197.479127 -64482690251.652191 95392.582208 11837.247588 4615384615.384615 star.gif
-9538482571.069170 -64774532492.252007 94737.865286 -14041.784972 4580152671.755725 star.gif
-26396533793.959625 -60448951147.772476 87415.299614 -38272.560239 4545454545.454545 star.gif
-41385767859.507263 -51987268053.648163 74334.491155 -59290.346716 4511278195.488722 star.gif
-53586581600.468796 -40113890212.094688 56711.041303 -75896.451616 4477611940.298508 star.gif
-62329080895.325134 -25721546620.075768 35945.330412 -87294.441888 4444444444.444445 star.gif
-67210016037.133644 -9795324574.416229 13506.886768 -93092.971412 4411764705.882353 star.gif
-68089845945.534332 6659030870.359300 -9168.443946 -93280.835963 4379562043.795620 star.gif
-65073359863.591171 22678406205.366467 -30763.615406 -88180.813041 4347826086.956522 star.gif
-58477797989.963989 37394402490.746895 -50145.075818 -78389.113690 4316546762.589928 star.gif
-48792537260.302231 50072699224.827370 -66406.300080 -64706.985286 4285714285.714286 star.gif
-36634217647.275780 60139316588.310013 -78891.042028 -48070.288797 4255319148.936170 star.gif
-22700759568.991436 67194319909.538399 -87198.414302 -29481.873218 4225352112.676056 star.gif
-7727146893.707787 71014207475.579010 -91172.713901 -9950.423504 4195804195.804196 star.gif
7554801017.234790 71544690008.720657 -90881.333576 9561.709689 4166666666.666667 star.gif
22451105947.365116 68885825001.220612 -86584.187172 28180.280848 4137931034.482759 star.gif
36333814977.576721 63271542286.923065 -78697.902828 45150.047963 4109589041.095891 star.gif
48662297454.759254 55045526317.430885 -67757.679397 59855.084994 4081632653.061224 star.gif
58997711967.803078 44635245000.454300 -54379.232623 71829.357650 4054054054.054054 star.gif
67011050394.059380 32525671866.684124 -39222.742426 80758.785619 4026845637.583893 star.gif
72485416165.616608 19233970152.343086 -22960.201084 86476.222158 4000000000.000000 star.gif
75313353140.673370 5286120289.671651 -6247.089407 88950.853260 3973509933.774835 star.gif
75490122758.486969 -8803804106.449442 10301.104050 88273.485910 3947368421.052631 star.gif
73103845152.802048 -22551258965.296249 26127.346771 84639.088753 3921568627.450980 star.gif
68323389287.542206 -35515518516.761353 40746.603479 78327.795867 3896103896.103896 star.gif
61384831573.228050 -47310581527.329544 53754.748877 69685.407116 3870967741.935484 star.gif
52577213706.387924 -57612794041.052299 64833.284754 59104.233553 3846153846.153846 star.gif
42228228522.795334 -66165400342.705566 73750.381158 47004.955475 3821656050.955414 star.gif
30690355323.918701 -72780314736.322144 80358.806013 33819.992083 3797468354.430380 star.gif
18327859409.989742 -77337459649.095337 84591.319041 19978.729792 3773584905.660378 star.gif
5504968783.044234 -79782044685.920410 86454.092163 5894.823689 3750000000.000000 star.gif
-7424552837.079009 -80120170708.786667 86018.686604 -8044.326164 3726708074.534162 star.gif
-20126301522.741760 -78413136717.567474 83413.072288 -21485.915135 3703703703.703704 star.gif
-32292535117.266052 -74770808838.930847 78812.122462 -34117.957694 3680981595.092024 star.gif
-43647881480.951935 -69344383273.960907 72427.959293 -45673.519052 3658536585.365854 star.gif
-53953503515.560394 -62318841384.823380 64500.467506 -55933.122512 3636363636.363636 star.gif
-63009811529.043694 -53905357588.598312 55288.234904 -64725.529901 3614457831.325301 star.gif
-70657843604.298767 -44333881368.164375 45060.122801 -71927.110459 3592814371.257485 star.gif
-76779455700.507538 -33846075140.796265 34087.617035 -77460.021565 3571428571.428571 star.gif
-81296476235.879593 -22688751269.912498 22638.062449 -81289.424355 3550295857.988166 star.gif
-84168985950.231216 -11107915181.828793 10968.840958 -83419.950095 3529411764.705883 star.gif
-85392883996.085495 656511876.386413 -677.483854 -83891.620672 3508771929.824562 star.gif
-84996896521.467392 12375246902.568827 -12077.064221 -82775.409913 3488372093.023256 star.gif
-83039175501.499252 23833458758.349968 -23027.742313 -80168.613081 3468208092.485549 star.gif
-79603624193.551849 34833846438.412231 -33351.155966 -76190.170695 3448275862.068965 star.gif
-74796072199.458862 45199005587.936623 -42894.046348 -70976.070964 3428571428.571429 star.gif
-68740408481.718430 54773121610.132851 -51528.848506 -64674.933210 3409090909.090909 star.gif
-61574765468.891830 63423038923.588669 -59153.652169 -57443.853598 3389830508.474576 star.gif
-53447832150.550110 71038763926.623688 -65691.622950 -49444.574566 3370786516.853932 star.gif
-44515359269.301620 77533464325.761459 -71089.973781 -40840.021200 3351955307.262570 star.gif
-34936905713.131668 82843030078.477280 -75318.573614 -31791.231479 3333333333.333333 star.gif
-24872862265.001053 86925261653.327118 -78368.275622 -22454.693159 3314917127.071823 star.gif
-14481777153.260408 89758750004.143631 -80249.040942 -12980.087957 3296703296.703297 star.gif
-3917997475.873135 91341509943.542313 -80987.926771 -3508.433753 3278688524.590164 star.gif
6670368413.020321 91689424818.638504 -80626.999825 5829.392422 3260869565.217391 star.gif
17143170077.445196 90834555838.356277 -79221.228180 14913.773961 3243243243.243243 star.gif
27369624531.987972 88823364339.157852 -76836.396480 23637.144549 3225806451.612903 star.gif
37229429958.126564 85714889935.115509 -73547.081820 31904.478978 3208556149.732620 star.gif
46613601301.653397 81578922067.576187 -69434.720322 39633.517179 3191489361.702127 star.gif
55425048284.246689 76494197104.708633 -64585.787702 46754.754289 3174603174.603175 star.gif
63578918277.184906 70546647964.861298 -59090.111067 53211.229226 3157894736.842105 star.gif
71002727604.507706 63827728341.743561 -53039.323756 58958.143198 3141361256.544503 star.gif
77636305286.609711 56432829060.092247 -46525.470354 63962.337982 3125000000.000000 star.gif
83431573115.121033 48459799930.386726 -39639.764952 68201.661842 3108808290.155440 star.gif
88352185371.721924 40007586728.579910 -32471.502355 71664.248717 3092783505.154639 star.gif
92373050570.427490 31174989599.766670 -25107.119170 74347.733915 3076923076.923077 star.gif
95479756387.365814 22059546287.527088 -17629.399442 76258.427094 3061224489.795918 star.gif
97667917538.199936 12756541084.255152 -10116.817827 77410.460863 3045685279.187817 star.gif
98942464817.525223 3358138291.227261 -2643.011972 77824.930941 3030303030.303030 star.gif
99316891898.749817 -6047362785.148321 4723.625107 77529.041535 3015075376.884422 star.gif
98812474841.434799 -15376155696.886309 11920.242449 76555.267443 3000000000.000000 star.gif
97457477610.638504 -24549443103.768333 18889.728439 74940.542410 2985074626.865672 star.gif
95286355306.192886 -33493847794.636459 25580.818110 72725.481405 2970297029.702971 star.gif
92338965253.518387 -42141725490.702652 31948.120475 69953.642894 2955665024.630542 star.gif
88659794639.678055 -50431386858.306190 37952.075601 66670.835635 2941176470.588235 star.gif
84297211999.667389 -58307236399.620979 43558.850787 62924.473278 2926829268.292683 star.gif
79302748578.637558 -65719835976.148552 48740.184688 58762.978862 2912621359.223301 star.gif
73730414419.469955 -72625900681.012039 53473.187698 54235.240330 2898550724.637681 star.gif
67636052955.168129 -78988234630.127655 57740.106339 49390.117329 2884615384.615385 star.gif
61076736917.126648 -84775614015.317139 61528.058760 44275.998847 2870813397.129187 star.gif
54110207510.271255 -89962624460.123199 64828.747869 38940.410634 2857142857.142857 star.gif
46794358038.883255 -94529459373.725693 67638.157988 33429.670887 2843601895.734597 star.gif
39186762499.308418 -98461685607.611557 69956.240325 27788.592253 2830188679.245283 star.gif
31344249071.633785 -101749982308.143387 71786.591988 22060.227940 2816901408.450704 star.gif
23322517949.286263 -104389858424.296555 73136.132683 16285.659474 2803738317.757010 star.gif
15175802519.954180 -106381353895.158997 74014.782755 10503.823474 2790697674.418605 star.gif
6956572563.313408 -107728729101.324005 74435.145689 4751.374743 2777777777.777778 star.gif
-1284722154.874178 -108440146731.791901 74412.197755 -937.417118 2764976958.525346 star.gif
-9499869740.161919 -108527349795.500229 73962.987064 -6530.740352 2752293577.981651 star.gif
-17643077502.954376 -108005339098.398010 73106.343864 -11999.285702 2739726027.397260 star.gif
-25671118918.085232 -106892053115.913208 71862.603607 -17316.265803 2727272727.272727 star.gif
-33543448451.394440 -105208052819.209641 70253.343948 -22457.411929 2714932126.696833 star.gif
-41222286541.546539 -102976213663.785507 68301.136561 -27400.950642 2702702702.702703 star.gif
-48672677047.553009 -100221426620.779358 66029.314393 -32127.562758 2690582959.641255 star.gif
-55862519462.029587 -96970309827.046509 63461.754755 -36620.326934 2678571428.571429 star.gif
-62762578162.427101 -93250932147.711349 60622.678429 -40864.650047 2666666666.666667 star.gif
-69346470918.753738 -89092549687.070694 57536.464792 -44848.186393 2654867256.637168 star.gif
-75590638811.843552 -84525356047.617065 54227.482817 -48560.747595 2643171806.167401 star.gif
-81474299636.145447 -79580246922.969711 50719.937676 -51994.204982 2631578947.368421 star.gif
-86979386770.601181 -74288599418.804031 47037.732528 -55142.386035 2620087336.244542 star.gif
-92090475403.122101 -68682066323.771812 43204.345043 -58000.966379 2608695652.173913 star.gif
-96794697891.368469 -62792385399.351219 39242.718068 -60567.358662 2597402597.402597 star.gif
-101081649932.441666 -56651203625.884354 35175.163831 -62840.599516 2586206896.551724 star.gif
-104943289107.427490 -50289916221.850777 31023.281013 -64821.235693 2575107296.137339 star.gif
-108373827252.624344 -43739520156.272369 26807.883985 -66511.210329 2564102564.102564 star.gif
-111369618000.586884 -37030481787.187752 22548.943481 -67913.750190 2553191489.361702 star.gif
-113929040725.298523 -30192618186.206131 18265.537976 -69033.254634 2542372881.355932 star.gif
-116052382018.062485 -23254991652.455288 13975.815029 -69875.186943 2531645569.620253 star.gif
-117741715717.885254 -16245816870.055992 9696.961841 -70445.968550 2521008403.361344 star.gif
-119000782420.421829 -9192380125.797979 5445.184313 -70752.876649 2510460251.046025 star.gif
-119834869293.058716 -2120969978.380369 1235.693870 -70803.945546 2500000000.000000 star.gif
-120250690933.287933 4943181251.541051 -2917.298614 -70607.872068 2489626556.016598 star.gif
-120256271920.545731 11975945810.516001 -7000.582498 -70173.925275 2479338842.975206 star.gif
-119860831630.427399 18954339307.052372 -11001.941284 -69511.860644 2469135802.469136 star.gif
-119074671803.590332 25856550616.187931 -14910.141374 -68631.838856 2459016393.442623 star.gif
-117909067290.453659 32661963533.594425 -18714.916278 -67544.349264 2448979591.836735 star.gif
-116376160326.230240 39351170807.773018 -22406.946811 -66260.138072 2439024390.243902 star.gif
-114488858629.899872 45905981164.045494 -25977.837808 -64790.141218 2429149797.570850 star.gif
-112260737564.028519 52309419918.685997 -29420.091850 -63145.421923 2419354838.709677 star.gif
-109705946540.678970 58545723760.660477 -32727.080459 -61337.112834 2409638554.216867 star.gif
-106839119812.007767 64600330256.339973 -35893.013181 -59376.362671 2400000000.000000 star.gif
-103675291741.082520 70459862609.996155 -38912.904954 -57274.287264 2390438247.011952 star.gif
-100229816610.240738 76112110187.899078 -41782.542133 -55041.924832 2380952380.952381 star.gif
-96518292989.827179 81546005288.046249 -44498.447478 -52690.195381 2371541501.976285 star.gif
-92556492659.951340 86751596611.386230 -47057.844440 -50229.864030 2362204724.409449 star.gif
-88360294049.845657 91720019865.188461 -49458.620990 -47671.508131 2352941176.470588 star.gif
-83945620136.730087 96443465901.414734 -51699.293259 -45025.487975 2343750000.000000 star.gif
-79328380724.724884 100915146767.610764 -53778.969202 -42301.920920 2334630350.194552 star.gif
-74524419007.196960 105129260021.752487 -55697.312485 -39510.658768 2325581395.348837 star.gif
-69549462299.863922 109080951637.618515 -57454.506771 -36661.268174 2316602316.602316 star.gif
-64419076820.413139 112766277802.198349 -59051.220555 -33763.013943 2307692307.692307 star.gif
-59148626379.423149 116182165882.805588 -60488.572699 -30824.845008 2298850574.712644 star.gif
-53753234838.550903 119326374819.278381 -61768.098753 -27855.382911 2290076335.877862 star.gif
-48247752186.523201 122197455173.502777 -62891.718187 -24862.912623 2281368821.292776 star.gif
-42646724077.966049 124794709048.123260 -63861.702607 -21855.375529 2272727272.727273 star.gif
-36964364676.029121 127118150066.304260 -64680.645023 -18840.364402 2264150943.396226 star.gif
-31214532639.838478 129168463584.466949 -65351.430216 -15825.120220 2255639097.744361 star.gif
-25410710094.704723 130946967292.861008 -65877.206268 -12816.530662 2247191011.235955 star.gif
-19565984424.901718 132455572341.202271 -66261.357262 -9821.130144 2238805970.149254 star.gif
-13693032729.332180 133696745110.809250 -66507.477191 -6845.101245 2230483271.375465 star.gif
-7804108782.695652 134673469739.690186 -66619.345085 -3894.277399 2222222222.222222 star.gif
-1911032347.067972 135389211493.192093 -66600.901349 -974.146715 2214022140.221402 star.gif
3974819317.055592 135847881059.495148 -66456.225330 1910.143182 2205882352.941176 star.gif
9842517888.384861 136053799837.582001 -66189.514089 4753.779416 2197802197.802198 star.gif
15681588513.991608 136011666273.879166 -65805.062369 7552.277325 2189781021.897810 star.gif
21482012569.465240 135726523293.629257 -65307.243740 10301.473238 2181818181.818182 star.gif
27234228782.954876 135203726863.604324 -64700.492895 12997.516644 2173913043.478261 star.gif
32929132853.096378 134448915714.109695 -63989.289078 15636.861854 2166064981.949459 star.gif
38558075683.693642 133467982240.335312 -63178.140607 18216.259221 2158273381.294964 star.gif
44112860352.931145 132267044596.207901 -62271.570455 20732.746010 2150537634.408602 star.gif
49585737931.758308 130852419986.878845 -61274.102878 23183.636974 2142857142.857143 star.gif
54969402256.405792 129230599160.887680 -60190.251020 25566.514701 2135231316.725979 star.gif
60256983759.487823 127408222097.082108 -59024.505487 27879.219802 2127659574.468085 star.gif
65442042454.325836 125392054877.409149 -57781.323841 30119.840976 2120141342.756184 star.gif
70518560165.264771 123188967731.932693 -56465.120970 32286.705013 2112676056.338028 star.gif
75480932089.527023 120805914239.182404 -55080.260305 34378.366778 2105263157.894737 star.gif
80323957771.770279 118249911661.760117 -53631.045843 36393.599210 2097902097.902098 star.gif
85042831567.615341 115528022393.988541 -52121.714928 38331.383380 2090592334.494774 star.gif
89633132667.415390 112647336496.528015 -50556.431771 40190.898628 2083333333.333333 star.gif
94090814746.775818 109614955290.517838 -48939.281646 41971.512826 2076124567.474048 star.gif
98412195306.497116 106437975982.011841 -47274.265751 43672.772775 2068965517.241379 star.gif
102593944758.780060 103123477286.923172 -45565.296672 45294.394769 2061855670.103093 star.gif
106633075314.847977 99678506023.915054 -43816.194442 46836.255341 2054794520.547945 star.gif
110526929722.194092 96110064643.943726 -42030.683128 48298.382211 2047781569.965870 star.gif
114273169898.086044 92425099662.806976 -40212.387950 49680.945445 2040816326.530612 star.gif
117869765501.637848 88630490963.465088 -38364.832860 50984.248849 2033898305.084746 star.gif
121314982482.960388 84733041934.262695 -36491.438585 52208.721589 2027027027.027027 star.gif
124607371644.848206 80739470409.837494 -34595.521078 53354.910070 2020202020.202020 star.gif
127745757249.617188 76656400380.458145 -32680.290362 54423.470054 2013422818.791946 star.gif
130729225700.390778 72490354436.778351 -30748.849735 55415.159048 2006688963.210702 star.gif
133557114323.530548 68247746916.661514 -28804.195306 56330.828942 2000000000.000000 star.gif
136229000276.153534 63934877721.553947 -26849.215847 57171.418917 1993355481.727575 star.gif
138744689600.343323 59557926770.300697 -24886.692918 57937.948614 1986754966.887417 star.gif
141104206443.533722 55122949058.431160 -22919.301265 58631.511569 1980198019.801980 star.gif
143307782461.621094 50635870292.760948 -20949.609451 59253.268910 1973684210.526316 star.gif
145355846420.278168 46102483070.733864 -18980.080704 59804.443313 1967213114.754098 star.gif
147249014007.730042 41528443574.485298 -17013.073970 60286.313220 1960784313.725490 star.gif
148988077869.647430 36919268752.932343 -15050.845136 60700.207310 1954397394.136808 star.gif
150573997876.821808 32280333961.771454 -13095.548428 61047.499224 1948051948.051948 star.gif
152007891633.162964 27616871036.318031 -11149.237940 61329.602530 1941747572.815534 star.gif
153291025231.043365 22933966770.634258 -9213.869305 61547.965941 1935483870.967742 star.gif
154424804259.495605 18236561777.561890 -7291.301475 61704.068754 1929260450.160772 star.gif
155410765069.515198 13529449705.855770 -5383.298600 61799.416540 1923076923.076923 star.gif
156250566299.490967 8817276791.317713 -3491.532003 61835.537039 1916932907.348243 star.gif
156945980663.223969 4104541718.744528 -1617.582226 61813.976287 1910828025.477707 star.gif
157498887001.301392 -604404225.588584 237.058862 61736.294950 1904761904.761905 star.gif
157911262596.616394 -5305356732.284327 2070.985896 61604.064871 1898734177.215190 star.gif
158185175753.268677 -9994257797.798895 3882.877805 61418.865803 1892744479.495268 star.gif
158322778637.933350 -14667194821.969816 5671.495568 61182.282351 1886792452.830189 star.gif
158326300381.818939 -19320399493.282455 7435.679937 60895.901090 1880877742.946708 star.gif
158198040440.799774 -23950246477.569698 9174.349151 60561.307869 1875000000.000000 star.gif
157940362211.127197 -28553251928.104412 10886.496626 60180.085280 1869158878.504673 star.gif
157555686896.997742 -33126071830.794495 12571.188651 59753.810306 1863354037.267081 star.gif
157046487626.600616 -37665500200.919952 14227.562073 59284.052116 1857585139.318886 star.gif
156415283812.313629 -42168467143.857788 15854.822000 58772.370026 1851851851.851852 star.gif
155664635750.742218 -46632036794.398766 17452.239505 58220.311597 1846153846.153846 star.gif
154797139457.824310 -51053405146.036217 19019.149355 57629.410878 1840490797.546012 star.gif
153815421734.185791 -55429897782.883453 20554.947752 57001.186790 1834862385.321101 star.gif
152722135455.446045 -59758967524.910164 22059.090101 56337.141626 1829268292.682927 star.gif
151519955082.320496 -64038191997.405403 23531.088810 55638.759689 1823708206.686930 star.gif
150211572385.006775 -68265271134.048141 24970.511113 54907.506035 1818181818.181818 star.gif
148799692376.264008 -72438024623.793381 26376.976929 54144.825336 1812688821.752266 star.gif
147287029447.568451 -76554389309.684387 27750.156757 53352.140842 1807228915.662651 star.gif
145676303702.825592 -80612416547.199860 29089.769612 52530.853454 1801801801.801802 star.gif
143970237483.406433 -84610269532.066071 30395.580990 51682.340885 1796407185.628742 star.gif
142171552079.421936 -88546220601.742676 31667.400889 50807.956910 1791044776.119403 star.gif
140282964620.829681 -92418648519.833389 32905.081856 49909.030717 1785714285.714286 star.gif
138307185142.994843 -96226035748.345428 34108.517093 48986.866317 1780415430.267062 star.gif
136246913820.880539 -99966965713.800232 35277.638598 48042.742055 1775147928.994083 star.gif
134104838366.212616 -103640120072.983231 36412.415354 47077.910173 1769911504.424779 star.gif
131883631581.972778 -107244275982.811691 37512.851560 46093.596457 1764705882.352941 star.gif
129585949068.263840 -110778303380.009216 38578.984922 45090.999939 1759530791.788856 star.gif
127214427075.135468 -114241162272.983109 39610.884970 44071.292667 1754385964.912281 star.gif
124771680495.487610 -117631900052.088943 40608.651438 43035.619524 1749271137.026239 star.gif
122260300994.029999 -120949648820.031479 41572.412686 41985.098109 1744186046.511628 star.gif
119682855266.047440 -124193622747.089783 42502.324165 40920.818662 1739130434.782609 star.gif
117041883421.760620 -127363115453.064377 43398.566935 39843.844041 1734104046.242774 star.gif
114339897490.491745 -130457497419.513367 44261.346221 38755.209737 1729106628.242075 star.gif
111579380040.002869 -133476213434.691605 45090.890025 37655.923934 1724137931.034483 star.gif
108762782906.570374 -136418780072.647980 45887.447774 36546.967607 1719197707.736390 star.gif
105892526030.241379 -139284783209.789673 46651.289019 35429.294651 1714285714.285714 star.gif
102970996391.823318 -142073875579.398041 47382.702176 34303.832053 1709401709.401709 star.gif
100000547046.036575 -144785774366.844543 48081.993309 33171.480077 1704545454.545455 star.gif
96983496247.368179 -147420258846.085663 48749.484963 32033.112496 1699716713.881020 star.gif
93922126663.975327 -149977168059.035370 49385.515026 30889.576837 1694915254.237288 star.gif
90818684675.556244 -152456398538.935608 49990.435649 29741.694653 1690140845.070423 star.gif
87675379751.529083 -154857902078.357574 50564.612193 28590.261815 1685393258.426966 star.gif
84494383905.287888 -157181683542.899719 51108.422225 27436.048831 1680672268.907563 star.gif
81277831221.132065 -159427798730.925110 51622.254545 26279.801173 1675977653.631285 star.gif
78027817449.977753 -161596352280.063690 52106.508261 25122.239623 1671309192.200557 star.gif
74746399670.678192 -163687495620.640991 52561.591893 23964.060639 1666666666.666667 star.gif
71435596013.410629 -165701424976.458435 52987.922513 22805.936725 1662049861.495845 star.gif
68097385441.799812 -167638379412.955811 53385.924933 21648.516824 1657458563.535912 star.gif
64733707590.595711 -169498638933.109131 53756.030909 20492.426704 1652892561.983471 star.gif
61346462656.647560 -171282522620.276642 54098.678394 19338.269374 1648351648.351648 star.gif
57937511338.709167 -172990386829.094452 54414.310816 18186.625488 1643835616.438356 star.gif
54508674824.942612 -174622623422.990662 54703.376391 17038.053768 1639344262.295082 star.gif
51061734824.402588 -176179658058.837952 54966.327464 15893.091431 1634877384.196185 star.gif
47598433639.949181 -177661948518.300659 55203.619884 14752.254612 1630434782.608696 star.gif
44120474280.674591 -179069983085.209778 55415.712407 13616.038800 1626016260.162602 star.gif
40629520610.669281 -180404278968.951233 55603.066122 12484.919273 1621621621.621622 star.gif
37127197532.869392 -181665380772.779449 55766.143914 11359.351534 1617250673.854447 star.gif
33615091204.252155 -182853859007.468140 55905.409947 10239.771748 1612903225.806452 star.gif
30094749281.779213 -183970308648.749054 56021.329172 9126.597181 1608579088.471850 star.gif
26567681196.427113 -185015347738.468842 56114.366866 8020.226634 1604278074.866310 star.gif
23035358452.794819 -185989616028.936096 56184.988185 6921.040886 1600000000.000000 star.gif
19499214953.607807 -186893773669.362976 56233.657755 5829.403123 1595744680.851064 star.gif
15960647346.472265 -187728499934.036285 56260.839270 4745.659372 1591511936.339523 star.gif
12421015391.235395 -188494491991.515381 56266.995118 3670.138930 1587301587.301587 star.gif
8881642346.968601 -189192463713.921997 56252.586034 2603.154796 1583113456.464380 star.gif
5343815375.903070 -189823144525.828186 56218.070763 1545.004085 1578947368.421053 star.gif
1808785964.396174 -190387278291.728485 56163.905747 495.968455 1574803149.606299 star.gif
-1722229642.491013 -190885622241.676056 56090.544831 -543.685479 1570680628.272251 star.gif
-5248049991.594122 -191318945933.777100 55998.438987 -1573.705740 1566579634.464752 star.gif
-8767527961.658392 -191688030253.456512 55888.036053 -2593.854576 1562500000.000000 star.gif
-12279550291.457495 -191993666448.059845 55759.780493 -3603.908065 1558441558.441558 star.gif
-15783037098.496883 -192236655196.410645 55614.113167 -4603.655719 1554404145.077720 star.gif
-19276941388.855247 -192417805712.295288 55451.471120 -5592.900092 1550387596.899225 star.gif
-22760248559.907482 -192537934881.312134 55272.287389 -6571.456400 1546391752.577320 star.gif
-26231975895.923721 -192597866430.014099 55076.990815 -7539.152140 1542416452.442159 star.gif
-29691172058.467899 -192598430126.862457 54866.005875 -8495.826721 1538461538.461539 star.gif
-33136916571.281372 -192540461013.869537 54639.752531 -9441.331099 1534526854.219949 star.gif
-36568319302.358932 -192424798668.505463 54398.646079 -10375.527414 1530612244.897959 star.gif
-39984519941.583694 -192252286494.770569 54143.097019 -11298.288643 1526717557.251908 star.gif
-43384687477.107338 -192023771042.910461 53873.510940 -12209.498251 1522842639.593909 star.gif
-46768019669.020317 -191740101356.857056 53590.288401 -13109.049851 1518987341.772152 star.gif
-50133742523.061172 -191402128348.712402 53293.824840 -13996.846872 1515151515.151515 star.gif
-53481109762.960152 -191010704199.524628 52984.510480 -14872.802236 1511335012.594458 star.gif
-56809402303.352646 -190566681785.612152 52662.730249 -15736.838031 1507537688.442211 star.gif
-60117927723.661644 -190070914129.724762 52328.863711 -16588.885207 1503759398.496241 star.gif
-63406019743.177452 -189524253876.262909 51983.285003 -17428.883264 1500000000.000000 star.gif
-66673037697.253059 -188927552790.010590 51626.362781 -18256.779955 1496259351.620948 star.gif
-69918366016.709045 -188281661277.470215 51258.460171 -19072.530992 1492537313.432836 star.gif
-73141413709.111847 -187587427930.332672 50879.934735 -19876.099762 1488833746.898263 star.gif
-76341613843.446533 -186845699090.259888 50491.138434 -20667.457045 1485148514.851485 star.gif
-79518423038.139801 -186057318434.396606 50092.417607 -21446.580743 1481481481.481482 star.gif
-82671320952.626907 -185223126580.990417 49684.112949 -22213.455612 1477832512.315271 star.gif
-85799809783.409546 -184343960714.397308 49266.559499 -22968.073005 1474201474.201474 star.gif
-88903413763.944946 -183420654228.953186 48840.086634 -23710.430615 1470588235.294118 star.gif
-91981678669.708023 -182454036391.058441 48405.018065 -24440.532229 1466992665.036675 star.gif
-95034171327.550583 -181444932018.889160 47961.671844 -25158.387487 1463414634.146342 star.gif
-98060479130.916763 -180394161179.106842 47510.360367 -25864.011650 1459854014.598540 star.gif
-101060209559.685120 -179302538900.172211 47051.390391 -26557.425366 1456310679.611650 star.gif
-104032989705.858612 -178170874901.455170 46585.063050 -27238.654451 1452784503.631961 star.gif
-106978465805.050461 -176999973337.770630 46111.673874 -27907.729673 1449275362.318841 star.gif
-109896302773.498596 -175790632558.926147 45631.512815 -28564.686538 1445783132.530120 star.gif
-112786183751.547379 -174543644883.277771 45144.864278 -29209.565086 1442307692.307692 star.gif
-115647809652.651932 -173259796385.518677 44652.007148 -29842.409695 1438848920.863309 star.gif
-118480898719.187775 -171939866697.534576 44153.214829 -30463.268882 1435406698.564593 star.gif
-121285186084.411636 -170584628822.234924 43648.755277 -31072.195119 1431980906.921241 star.gif
-124060423340.396240 -169194848959.878113 43138.891048 -31669.244645 1428571428.571429 star.gif
-126806378113.413605 -167771286346.178741 42623.879332 -32254.477296 1425178147.268409 star.gif
-129522833644.881683 -166314693102.072815 42103.972006 -32827.956324 1421800947.867299 star.gif
-132209588379.596954 -164825814094.536041 41579.415677 -33389.748236 1418439716.312057 star.gif
-134866455560.308472 -163305386808.021484 41050.451735 -33939.922627 1415094339.622642 star.gif
-137493262829.113281 -161754141226.241272 40517.316401 -34478.552029 1411764705.882353 star.gif
-140089851835.488068 -160172799723.741852 39980.240782 -35005.711750 1408450704.225352 star.gif
-142656077851.068268 -158562076967.038269 39439.450928 -35521.479732 1405152224.824356 star.gif
-145191809391.128418 -156922679824.820099 38895.167884 -36025.936406 1401869158.878505 star.gif
-147696927843.019806 -155255307286.861908 38347.607750 -36519.164553 1398601398.601399 star.gif
-150171327100.693634 -153560650391.558075 37796.981741 -37001.249168 1395348837.209302 star.gif
-152614913207.023865 -151839392161.084656 37243.496245 -37472.277332 1392111368.909513 star.gif
-155027604001.515198 -150092207544.858734 36687.352882 -37932.338087 1388888888.888889 star.gif
-157409328775.817017 -148319763369.882477 36128.748572 -38381.522310 1385681293.302540 star.gif
-159760027934.993225 -146522718298.576324 35567.875589 -38819.922599 1382488479.262673 star.gif
-162079652666.071686 -144701722793.135345 35004.921633 -39247.633158 1379310344.827586 star.gif
-164368164612.644592 -142857419086.612061 34440.069887 -39664.749685 1376146788.990826 star.gif
-166625535556.254608 -140990441159.996796 33873.499082 -40071.369269 1372997711.670480 star.gif
-168851747103.981537 -139101414725.543945 33305.383566 -40467.590284 1369863013.698630 star.gif
-171046790382.758911 -137190957215.488403 32735.893365 -40853.512292 1366742596.810934 star.gif
-173210665739.766541 -135259677776.348694 32165.194246 -41229.235946 1363636363.636364 star.gif
-175343382449.241974 -133308177268.364807 31593.447791 -41594.862898 1360544217.687075 star.gif
-177444958425.316986 -131337048269.985214 31020.811450 -41950.495713 1357466063.348416 star.gif
-179515419941.303986 -129346875086.880997 30447.438619 -42296.237775 1354401805.869075 star.gif
-181554801354.777161 -127338233765.570862 29873.478696 -42632.193215 1351351351.351351 star.gif
-183563144838.838043 -125311692111.315002 29299.077150 -42958.466822 1348314606.741573 star.gif
-185540500119.295837 -123267809709.964310 28724.375589 -43275.163971 1345291479.820628 star.gif
-187486924217.621246 -121207137953.826782 28149.511818 -43582.390550 1342281879.194631 star.gif
-189402481199.741058 -119130220071.081543 27574.619912 -43880.252883 1339285714.285714 star.gif
-191287241930.641754 -117037591158.627075 26999.830273 -44168.857669 1336302895.322940 star.gif
-193141283834.403351 -114929778218.387863 26425.269700 -44448.311913 1333333333.333333 star.gif
-194964690659.856293 -112807300196.629105 25851.061451 -44718.722860 1330376940.133038 star.gif
-196757552251.940033 -110670668026.108749 25277.325305 -44980.197940 1327433628.318584 star.gif
-198519964327.977020 -108520384671.336700 24704.177627 -45232.844705 1324503311.258278 star.gif
-200252028259.723694 -106356945176.052887 24131.731429 -45476.770775 1321585903.083700 star.gif
-201953850860.403717 -104180836713.491653 23560.096434 -45712.083785 1318681318.681319 star.gif
-203625544176.785706 -101992538638.913116 22989.379139 -45938.891333 1315789473.684211 star.gif
-205267225286.636322 -99792522544.142349 22419.682869 -46157.300929 1312910284.463895 star.gif
-206879016100.836945 -97581252314.403885 21851.107848 -46367.419952 1310043668.122271 star.gif
-208461043170.541382 -95359184186.941833 21283.751251 -46569.355600 1307189542.483660 star.gif
-210013437499.060028 -93126766811.510834 20717.707265 -46763.214850 1304347826.086957 star.gif
-211536334358.593231 -90884441312.400803 20153.067152 -46949.104416 1301518438.177874 star.gif
-213029873111.490387 -88632641352.215408 19589.919301 -47127.130711 1298701298.701299 star.gif
-214494197036.036987 -86371793196.949188 19028.349292 -47297.399804 1295896328.293736 star.gif
-215929453156.819031 -84102315782.534470 18468.439946 -47460.017392 1293103448.275862 star.gif
-217335792079.395996 -81824620782.494263 17910.271388 -47615.088760 1290322580.645161 star.gif
-218713367829.279022 -79539112676.854355 17353.921097 -47762.718750 1287553648.068670 star.gif
-220062337695.240021 -77246188822.009613 16799.463964 -47903.011730 1284796573.875803 star.gif
-221382862076.616302 -74946239521.614822 16246.972345 -48036.071567 1282051282.051282 star.gif
-222675104334.708038 -72639648098.337524 15696.516116 -48162.001594 1279317697.228145 star.gif
-223939230648.353729 -70326790966.261032 15148.162723 -48280.904587 1276595744.680851 star.gif
-225175409873.038239 -68008037704.321327 14601.977236 -48392.882739 1273885350.318471 star.gif
-226383813404.243439 -65683751129.889732 14058.022400 -48498.037638 1271186440.677966 star.gif
-227564615044.220306 -63354287373.365730 13516.358685 -48596.470238 1268498942.917547 star.gif
-228717990872.589264 -61019995953.040298 12977.044335 -48688.280847 1265822784.810127 star.gif
-229844119120.461853 -58681219850.417542 12440.135421 -48773.569099 1263157894.736842 star.gif
-230943180048.309967 -56338295585.690529 11905.685885 -48852.433939 1260504201.680672 star.gif
-232015355826.815582 -53991553293.978378 11373.747588 -48924.973606 1257861635.220126 star.gif
-233060830421.667877 -51641316801.248520 10844.370359 -48991.285612 1255230125.523013 star.gif
-234079789481.125336 -49287903700.901482 10317.602042 -49051.466729 1252609603.340292 star.gif
-235072420227.276642 -46931625430.056252 9793.488537 -49105.612978 1250000000.000000 star.gif
-236038911350.061768 -44572787346.255783 9272.073848 -49153.819606 1247401247.401248 star.gif
-236979452904.674683 -42211688803.938911 8753.400128 -49196.181083 1244813278.008299 star.gif
-237894236211.844696 -39848623231.110954 8237.507718 -49232.791084 1242236024.844721 star.gif
-238783453761.140320 -37483878205.677162 7724.435194 -49263.742481 1239669421.487603 star.gif
-239647299117.091827 -35117735531.959435 7214.219405 -49289.127330 1237113402.061856 star.gif
-240485966828.188477 -32750471316.911583 6706.895517 -49309.036865 1234567901.234568 star.gif
-241299652338.645203 -30382356046.086361 6202.497053 -49323.561488 1232032854.209445 star.gif
-242088551902.785034 -28013654659.586319 5701.055931 -49332.790760 1229508196.721312 star.gif
-242852862502.282532 -25644626627.405113 5202.602503 -49336.813397 1226993865.030675 star.gif
-243592781765.608368 -23275526024.996990 4707.165596 -49335.717260 1224489795.918367 star.gif
-244308507890.301483 -20906601608.066551 4214.772546 -49329.589352 1221995926.680244 star.gif
-245000239567.599915 -18538096887.184597 3725.449237 -49318.515811 1219512195.121951 star.gif
-245668175909.447906 -16170250202.012480 3239.220139 -49302.581908 1217038539.553752 star.gif
-246312516377.802277 -13803294795.261803 2756.108338 -49281.872041 1214574898.785425 star.gif
-246933460716.350830 -11437458885.932365 2276.135577 -49256.469732 1212121212.121212 star.gif
-247531208884.313629 -9072965742.418550 1799.322285 -49226.457626 1209677419.354839 star.gif
-248105960992.522552 -6710033754.893983 1325.687616 -49191.917486 1207243460.764588 star.gif
-248657917241.565857 -4348876507.398416 855.249477 -49152.930195 1204819277.108434 star.gif
-249187277862.051239 -1989702849.238918 388.024562 -49109.575751 1202404809.619238 star.gif

